&FCI
 NORB=5,
 NELEC=7,
 MS2=3,
 ISYM=1,
 ORBSYM=1,1,1,1,1,
 ST=1,
 III=1,
 OCC=5,
 CLOSED=2,
 /
    4.0957673577396578            1       1       1       1
  -0.50825558175961794            2       1       1       1
  -0.31818727561384164            1       2       1       1
   0.97318643387428205            2       2       1       1
   0.96139936318451236            3       3       1       1
   0.96139936318451236            4       4       1       1
   0.96139936318451236            5       5       1       1
  -0.50825558175961794            1       1       2       1
   0.10012523458306248            2       1       2       1
   0.66966196125531910E-001       1       2       2       1
  -0.31250060826883731E-002       2       2       2       1
   0.65991157143156266E-002       3       3       2       1
   0.65991157143156197E-002       4       4       2       1
   0.65991157143156336E-002       5       5       2       1
   0.41416736525848749E-001       3       1       3       1
   0.63095251564772414E-001       3       2       3       1
   0.22372042799386253E-001       1       3       3       1
   0.59976838380518468E-001       2       3       3       1
   0.41416736525848770E-001       4       1       4       1
   0.63095251564772414E-001       4       2       4       1
   0.22372042799386260E-001       1       4       4       1
   0.59976838380518468E-001       2       4       4       1
   0.41416736525848770E-001       5       1       5       1
   0.63095251564772414E-001       5       2       5       1
   0.22372042799386253E-001       1       5       5       1
   0.59976838380518455E-001       2       5       5       1
  -0.31818727561384164            1       1       1       2
   0.66966196125531910E-001       2       1       1       2
   0.33807157668001346E-001       1       2       1       2
  -0.36856052669061501E-001       2       2       1       2
  -0.29634027254794183E-001       3       3       1       2
  -0.29634027254794141E-001       4       4       1       2
  -0.29634027254794144E-001       5       5       1       2
   0.97318643387428205            1       1       2       2
  -0.31250060826883731E-002       2       1       2       2
  -0.36856052669061501E-001       1       2       2       2
   0.68055458487080767            2       2       2       2
   0.68821981576287483            3       3       2       2
   0.68821981576287472            4       4       2       2
   0.68821981576287472            5       5       2       2
   0.63095251564772414E-001       3       1       3       2
   0.16638848927146804            3       2       3       2
   0.19836808123968597E-003       1       3       3       2
   0.14392312099938395            2       3       3       2
   0.63095251564772414E-001       4       1       4       2
   0.16638848927146804            4       2       4       2
   0.19836808123972066E-003       1       4       4       2
   0.14392312099938395            2       4       4       2
   0.63095251564772414E-001       5       1       5       2
   0.16638848927146804            5       2       5       2
   0.19836808123970331E-003       1       5       5       2
   0.14392312099938395            2       5       5       2
   0.22372042799386253E-001       3       1       1       3
   0.19836808123968597E-003       3       2       1       3
   0.33273490729237541E-002       1       3       1       3
  -0.29200451030142807E-002       2       3       1       3
   0.59976838380518468E-001       3       1       2       3
   0.14392312099938395            3       2       2       3
  -0.29200451030142807E-002       1       3       2       3
   0.12145775272729986            2       3       2       3
   0.96139936318451236            1       1       3       3
   0.65991157143156266E-002       2       1       3       3
  -0.29634027254794183E-001       1       2       3       3
   0.68821981576287483            2       2       3       3
   0.75087513641557047            3       3       3       3
   0.67264252232445765            4       4       3       3
   0.67264252232445765            5       5       3       3
   0.39117796198305084E-001       4       3       4       3
   0.39117796198305084E-001       3       4       4       3
   0.39117796198305084E-001       5       3       5       3
   0.39117796198305084E-001       3       5       5       3
   0.22372042799386260E-001       4       1       1       4
   0.19836808123972066E-003       4       2       1       4
   0.33273490729237472E-002       1       4       1       4
  -0.29200451030142460E-002       2       4       1       4
   0.59976838380518468E-001       4       1       2       4
   0.14392312099938395            4       2       2       4
  -0.29200451030142460E-002       1       4       2       4
   0.12145775272729983            2       4       2       4
   0.39117796198305084E-001       4       3       3       4
   0.39117796198305084E-001       3       4       3       4
   0.96139936318451236            1       1       4       4
   0.65991157143156197E-002       2       1       4       4
  -0.29634027254794141E-001       1       2       4       4
   0.68821981576287472            2       2       4       4
   0.67264252232445765            3       3       4       4
   0.75087513641557047            4       4       4       4
   0.67264252232445765            5       5       4       4
   0.39117796198305084E-001       5       4       5       4
   0.39117796198305084E-001       4       5       5       4
   0.22372042799386253E-001       5       1       1       5
   0.19836808123970331E-003       5       2       1       5
   0.33273490729237368E-002       1       5       1       5
  -0.29200451030142668E-002       2       5       1       5
   0.59976838380518455E-001       5       1       2       5
   0.14392312099938395            5       2       2       5
  -0.29200451030142668E-002       1       5       2       5
   0.12145775272729986            2       5       2       5
   0.39117796198305084E-001       5       3       3       5
   0.39117796198305084E-001       3       5       3       5
   0.39117796198305084E-001       5       4       4       5
   0.39117796198305084E-001       4       5       4       5
   0.96139936318451236            1       1       5       5
   0.65991157143156336E-002       2       1       5       5
  -0.29634027254794144E-001       1       2       5       5
   0.68821981576287472            2       2       5       5
   0.67264252232445765            3       3       5       5
   0.67264252232445765            4       4       5       5
   0.75087513641557047            5       5       5       5
   -24.427272334763131            1       1       0       0
   0.51983474207596547            1       2       0       0
   0.51983474207596547            2       1       0       0
   -5.3243850428317483            2       2       0       0
   -4.9236623406036211            3       3       0       0
   -4.9236623406036211            4       4       0       0
   -4.9236623406036211            5       5       0       0
    0.0000000000000000            0       0       0       0
