&FCI
 NORB=5,
 NELEC=7,
 MS2=3,
 ISYM=1,
 ORBSYM=1,1,1,1,1,
 ST=1,
 III=1,
 OCC=5,
 CLOSED=2,
 /
    4.0998951006716506            1       1       1       1
  -0.49653825455071848            2       1       1       1
  -0.33108060567633257            1       2       1       1
   0.97349238885399048            2       2       1       1
   0.96165251678566155            3       3       1       1
   0.96165251678566155            4       4       1       1
   0.96165251678566155            5       5       1       1
  -0.49653825455071848            1       1       2       1
   0.96651061703157931E-001       2       1       2       1
   0.67042609632835870E-001       1       2       2       1
  -0.45919980937208487E-002       2       2       2       1
   0.51030590421305595E-002       3       3       2       1
   0.51030590421305803E-002       4       4       2       1
   0.51030590421305838E-002       5       5       2       1
   0.41548218645120427E-001       3       1       3       1
   0.62857297557610131E-001       3       2       3       1
   0.22361978162242661E-001       1       3       3       1
   0.59751001952442179E-001       2       3       3       1
   0.41548218645120399E-001       4       1       4       1
   0.62857297557610159E-001       4       2       4       1
   0.22361978162242654E-001       1       4       4       1
   0.59751001952442213E-001       2       4       4       1
   0.41548218645120413E-001       5       1       5       1
   0.62857297557610131E-001       5       2       5       1
   0.22361978162242661E-001       1       5       5       1
   0.59751001952442193E-001       2       5       5       1
  -0.33108060567633257            1       1       1       2
   0.67042609632835870E-001       2       1       1       2
   0.37434157562513802E-001       1       2       1       2
  -0.35470436456358556E-001       2       2       1       2
  -0.28211545095101109E-001       3       3       1       2
  -0.28211545095101109E-001       4       4       1       2
  -0.28211545095101129E-001       5       5       1       2
   0.97349238885399048            1       1       2       2
  -0.45919980937208487E-002       2       1       2       2
  -0.35470436456358556E-001       1       2       2       2
   0.68051672985715883            2       2       2       2
   0.68818289695401180            3       3       2       2
   0.68818289695401180            4       4       2       2
   0.68818289695401180            5       5       2       2
   0.62857297557610131E-001       3       1       3       2
   0.16625245767911134            3       2       3       2
   0.41890705207340770E-003       1       3       3       2
   0.14375349144162997            2       3       3       2
   0.62857297557610159E-001       4       1       4       2
   0.16625245767911132            4       2       4       2
   0.41890705207341464E-003       1       4       4       2
   0.14375349144162994            2       4       4       2
   0.62857297557610131E-001       5       1       5       2
   0.16625245767911132            5       2       5       2
   0.41890705207344586E-003       1       5       5       2
   0.14375349144162997            2       5       5       2
   0.22361978162242661E-001       3       1       1       3
   0.41890705207340770E-003       3       2       1       3
   0.31757376793648991E-002       1       3       1       3
  -0.26873885530945482E-002       2       3       1       3
   0.59751001952442179E-001       3       1       2       3
   0.14375349144162997            3       2       2       3
  -0.26873885530945482E-002       1       3       2       3
   0.12125452520414859            2       3       2       3
   0.96165251678566155            1       1       3       3
   0.51030590421305595E-002       2       1       3       3
  -0.28211545095101109E-001       1       2       3       3
   0.68818289695401180            2       2       3       3
   0.75077826845484530            3       3       3       3
   0.67263502314928114            4       4       3       3
   0.67263502314928114            5       5       3       3
   0.39073111828358154E-001       4       3       4       3
   0.39073111828358160E-001       3       4       4       3
   0.39073111828358154E-001       5       3       5       3
   0.39073111828358154E-001       3       5       5       3
   0.22361978162242654E-001       4       1       1       4
   0.41890705207341464E-003       4       2       1       4
   0.31757376793649060E-002       1       4       1       4
  -0.26873885530945413E-002       2       4       1       4
   0.59751001952442213E-001       4       1       2       4
   0.14375349144162994            4       2       2       4
  -0.26873885530945413E-002       1       4       2       4
   0.12125452520414859            2       4       2       4
   0.39073111828358160E-001       4       3       3       4
   0.39073111828358160E-001       3       4       3       4
   0.96165251678566155            1       1       4       4
   0.51030590421305803E-002       2       1       4       4
  -0.28211545095101109E-001       1       2       4       4
   0.68818289695401180            2       2       4       4
   0.67263502314928114            3       3       4       4
   0.75077826845484530            4       4       4       4
   0.67263502314928114            5       5       4       4
   0.39073111828358154E-001       5       4       5       4
   0.39073111828358154E-001       4       5       5       4
   0.22361978162242661E-001       5       1       1       5
   0.41890705207344586E-003       5       2       1       5
   0.31757376793649164E-002       1       5       1       5
  -0.26873885530945066E-002       2       5       1       5
   0.59751001952442193E-001       5       1       2       5
   0.14375349144162997            5       2       2       5
  -0.26873885530945066E-002       1       5       2       5
   0.12125452520414860            2       5       2       5
   0.39073111828358154E-001       5       3       3       5
   0.39073111828358160E-001       3       5       3       5
   0.39073111828358154E-001       5       4       4       5
   0.39073111828358160E-001       4       5       4       5
   0.96165251678566155            1       1       5       5
   0.51030590421305838E-002       2       1       5       5
  -0.28211545095101129E-001       1       2       5       5
   0.68818289695401180            2       2       5       5
   0.67263502314928114            3       3       5       5
   0.67263502314928114            4       4       5       5
   0.75077826845484530            5       5       5       5
   -24.427272334763131            1       1       0       0
   0.51983474207596547            1       2       0       0
   0.51983474207596547            2       1       0       0
   -5.3243850428317483            2       2       0       0
   -4.9236623406036211            3       3       0       0
   -4.9236623406036211            4       4       0       0
   -4.9236623406036211            5       5       0       0
    0.0000000000000000            0       0       0       0
