&FCI
 NORB=5,
 NELEC=7,
 MS2=3,
 ISYM=1,
 ORBSYM=1,1,1,1,1,
 ST=1,
 III=1,
 OCC=5,
 CLOSED=2,
 /
    4.0990454765995077            1       1       1       1
  -0.50005074376826142            2       1       1       1
  -0.32721843236016557            1       2       1       1
   0.97341026741453818            2       2       1       1
   0.96160780487091058            3       3       1       1
   0.96160780487091058            4       4       1       1
   0.96160780487091058            5       5       1       1
  -0.50005074376826142            1       1       2       1
   0.97542213827478588E-001       2       1       2       1
   0.67021764848951504E-001       1       2       2       1
  -0.42423509463967966E-002       2       2       2       1
   0.54320363880962091E-002       3       3       2       1
   0.54320363880962265E-002       4       4       2       1
   0.54320363880962230E-002       5       5       2       1
   0.41165253810822769E-001       3       1       3       1
   0.62679533415856414E-001       3       2       3       1
   0.22375744407047898E-001       1       3       3       1
   0.59611840957085271E-001       2       3       3       1
   0.41165253810822769E-001       4       1       4       1
   0.62679533415856414E-001       4       2       4       1
   0.22375744407047898E-001       1       4       4       1
   0.59611840957085285E-001       2       4       4       1
   0.41165253810822755E-001       5       1       5       1
   0.62679533415856442E-001       5       2       5       1
   0.22375744407047895E-001       1       5       5       1
   0.59611840957085299E-001       2       5       5       1
  -0.32721843236016557            1       1       1       2
   0.67021764848951504E-001       2       1       1       2
   0.36501315870424426E-001       1       2       1       2
  -0.35771229034653532E-001       2       2       1       2
  -0.28493670953866491E-001       3       3       1       2
  -0.28493670953866491E-001       4       4       1       2
  -0.28493670953866488E-001       5       5       1       2
   0.97341026741453818            1       1       2       2
  -0.42423509463967966E-002       2       1       2       2
  -0.35771229034653532E-001       1       2       2       2
   0.68066798649918114            2       2       2       2
   0.68833201644118791            3       3       2       2
   0.68833201644118791            4       4       2       2
   0.68833201644118791            5       5       2       2
   0.62679533415856414E-001       3       1       3       2
   0.16657582752153205            3       2       3       2
   0.60100041341959801E-003       1       3       3       2
   0.14401115919493090            2       3       3       2
   0.62679533415856414E-001       4       1       4       2
   0.16657582752153202            4       2       4       2
   0.60100041341959107E-003       1       4       4       2
   0.14401115919493088            2       4       4       2
   0.62679533415856442E-001       5       1       5       2
   0.16657582752153202            5       2       5       2
   0.60100041341959107E-003       1       5       5       2
   0.14401115919493088            2       5       5       2
   0.22375744407047898E-001       3       1       1       3
   0.60100041341959801E-003       3       2       1       3
   0.35862350032730278E-002       1       3       1       3
  -0.24666920453515553E-002       2       3       1       3
   0.59611840957085271E-001       3       1       2       3
   0.14401115919493090            3       2       2       3
  -0.24666920453515553E-002       1       3       2       3
   0.12144649086832975            2       3       2       3
   0.96160780487091058            1       1       3       3
   0.54320363880962091E-002       2       1       3       3
  -0.28493670953866491E-001       1       2       3       3
   0.68833201644118791            2       2       3       3
   0.75102170329821882            3       3       3       3
   0.67273654873973521            4       4       3       3
   0.67273654873973521            5       5       3       3
   0.39144060580779565E-001       4       3       4       3
   0.39144060580779565E-001       3       4       4       3
   0.39144060580779565E-001       5       3       5       3
   0.39144060580779565E-001       3       5       5       3
   0.22375744407047898E-001       4       1       1       4
   0.60100041341959107E-003       4       2       1       4
   0.35862350032730278E-002       1       4       1       4
  -0.24666920453515623E-002       2       4       1       4
   0.59611840957085285E-001       4       1       2       4
   0.14401115919493088            4       2       2       4
  -0.24666920453515623E-002       1       4       2       4
   0.12144649086832975            2       4       2       4
   0.39144060580779565E-001       4       3       3       4
   0.39144060580779565E-001       3       4       3       4
   0.96160780487091058            1       1       4       4
   0.54320363880962265E-002       2       1       4       4
  -0.28493670953866491E-001       1       2       4       4
   0.68833201644118791            2       2       4       4
   0.67273654873973521            3       3       4       4
   0.75102170329821882            4       4       4       4
   0.67273654873973521            5       5       4       4
   0.39144060580779565E-001       5       4       5       4
   0.39144060580779565E-001       4       5       5       4
   0.22375744407047895E-001       5       1       1       5
   0.60100041341959107E-003       5       2       1       5
   0.35862350032730347E-002       1       5       1       5
  -0.24666920453515623E-002       2       5       1       5
   0.59611840957085299E-001       5       1       2       5
   0.14401115919493088            5       2       2       5
  -0.24666920453515623E-002       1       5       2       5
   0.12144649086832975            2       5       2       5
   0.39144060580779565E-001       5       3       3       5
   0.39144060580779565E-001       3       5       3       5
   0.39144060580779565E-001       5       4       4       5
   0.39144060580779565E-001       4       5       4       5
   0.96160780487091058            1       1       5       5
   0.54320363880962230E-002       2       1       5       5
  -0.28493670953866488E-001       1       2       5       5
   0.68833201644118791            2       2       5       5
   0.67273654873973521            3       3       5       5
   0.67273654873973521            4       4       5       5
   0.75102170329821882            5       5       5       5
   -24.427272334763131            1       1       0       0
   0.51983474207596547            1       2       0       0
   0.51983474207596547            2       1       0       0
   -5.3243850428317483            2       2       0       0
   -4.9236623406036211            3       3       0       0
   -4.9236623406036211            4       4       0       0
   -4.9236623406036211            5       5       0       0
    0.0000000000000000            0       0       0       0
