&FCI
 NORB=5,
 NELEC=7,
 MS2=3,
 ISYM=1,
 ORBSYM=1,1,1,1,1,
 ST=1,
 III=1,
 OCC=5,
 CLOSED=2,
 /
    4.0976671785632472            1       1       1       1
  -0.50298872808909978            2       1       1       1
  -0.32410223900801366            1       2       1       1
   0.97338045477352886            2       2       1       1
   0.96154099522469849            3       3       1       1
   0.96154099522469838            4       4       1       1
   0.96154099522469838            5       5       1       1
  -0.50298872808909978            1       1       2       1
   0.98372395256930437E-001       2       1       2       1
   0.67009139080343380E-001       1       2       2       1
  -0.38061814974264807E-002       2       2       2       1
   0.58633509110509949E-002       3       3       2       1
   0.58633509110509914E-002       4       4       2       1
   0.58633509110509983E-002       5       5       2       1
   0.41818430919056584E-001       3       1       3       1
   0.63762695247707946E-001       3       2       3       1
   0.22362356310122122E-001       1       3       3       1
   0.60578140891725432E-001       2       3       3       1
   0.41818430919056591E-001       4       1       4       1
   0.63762695247707918E-001       4       2       4       1
   0.22362356310122129E-001       1       4       4       1
   0.60578140891725418E-001       2       4       4       1
   0.41818430919056571E-001       5       1       5       1
   0.63762695247707904E-001       5       2       5       1
   0.22362356310122122E-001       1       5       5       1
   0.60578140891725397E-001       2       5       5       1
  -0.32410223900801366            1       1       1       2
   0.67009139080343380E-001       2       1       1       2
   0.35645882903756317E-001       1       2       1       2
  -0.36273098062082558E-001       2       2       1       2
  -0.28988325704673201E-001       3       3       1       2
  -0.28988325704673180E-001       4       4       1       2
  -0.28988325704673190E-001       5       5       1       2
   0.97338045477352886            1       1       2       2
  -0.38061814974264807E-002       2       1       2       2
  -0.36273098062082558E-001       1       2       2       2
   0.68059198797061204            2       2       2       2
   0.68824323237991580            3       3       2       2
   0.68824323237991580            4       4       2       2
   0.68824323237991580            5       5       2       2
   0.63762695247707946E-001       3       1       3       2
   0.16688730417839473            3       2       3       2
  -0.45660305677414081E-003       1       3       3       2
   0.14380672243722442            2       3       3       2
   0.63762695247707918E-001       4       1       4       2
   0.16688730417839473            4       2       4       2
  -0.45660305677416857E-003       1       4       4       2
   0.14380672243722445            2       4       4       2
   0.63762695247707904E-001       5       1       5       2
   0.16688730417839473            5       2       5       2
  -0.45660305677424490E-003       1       5       5       2
   0.14380672243722445            2       5       5       2
   0.22362356310122122E-001       3       1       1       3
  -0.45660305677414081E-003       3       2       1       3
   0.29062817011876567E-002       1       3       1       3
  -0.36411574127566612E-002       2       3       1       3
   0.60578140891725432E-001       3       1       2       3
   0.14380672243722442            3       2       2       3
  -0.36411574127566612E-002       1       3       2       3
   0.12072614069605414            2       3       2       3
   0.96154099522469849            1       1       3       3
   0.58633509110509949E-002       2       1       3       3
  -0.28988325704673201E-001       1       2       3       3
   0.68824323237991580            2       2       3       3
   0.75087034434037969            3       3       3       3
   0.67265857212664770            4       4       3       3
   0.67265857212664770            5       5       3       3
   0.39107320309889032E-001       4       3       4       3
   0.39107320309889032E-001       3       4       4       3
   0.39107320309889032E-001       5       3       5       3
   0.39107320309889032E-001       3       5       5       3
   0.22362356310122129E-001       4       1       1       4
  -0.45660305677416857E-003       4       2       1       4
   0.29062817011876671E-002       1       4       1       4
  -0.36411574127566890E-002       2       4       1       4
   0.60578140891725418E-001       4       1       2       4
   0.14380672243722445            4       2       2       4
  -0.36411574127566890E-002       1       4       2       4
   0.12072614069605415            2       4       2       4
   0.39107320309889032E-001       4       3       3       4
   0.39107320309889032E-001       3       4       3       4
   0.96154099522469838            1       1       4       4
   0.58633509110509914E-002       2       1       4       4
  -0.28988325704673180E-001       1       2       4       4
   0.68824323237991580            2       2       4       4
   0.67265857212664770            3       3       4       4
   0.75087034434037969            4       4       4       4
   0.67265857212664770            5       5       4       4
   0.39107320309889039E-001       5       4       5       4
   0.39107320309889032E-001       4       5       5       4
   0.22362356310122122E-001       5       1       1       5
  -0.45660305677424490E-003       5       2       1       5
   0.29062817011876706E-002       1       5       1       5
  -0.36411574127567653E-002       2       5       1       5
   0.60578140891725397E-001       5       1       2       5
   0.14380672243722445            5       2       2       5
  -0.36411574127567653E-002       1       5       2       5
   0.12072614069605417            2       5       2       5
   0.39107320309889032E-001       5       3       3       5
   0.39107320309889032E-001       3       5       3       5
   0.39107320309889032E-001       5       4       4       5
   0.39107320309889032E-001       4       5       4       5
   0.96154099522469838            1       1       5       5
   0.58633509110509983E-002       2       1       5       5
  -0.28988325704673190E-001       1       2       5       5
   0.68824323237991580            2       2       5       5
   0.67265857212664770            3       3       5       5
   0.67265857212664770            4       4       5       5
   0.75087034434037969            5       5       5       5
   -24.427272334763131            1       1       0       0
   0.51983474207596547            1       2       0       0
   0.51983474207596547            2       1       0       0
   -5.3243850428317483            2       2       0       0
   -4.9236623406036211            3       3       0       0
   -4.9236623406036211            4       4       0       0
   -4.9236623406036211            5       5       0       0
    0.0000000000000000            0       0       0       0
