&FCI
 NORB=5,
 NELEC=7,
 MS2=3,
 ISYM=1,
 ORBSYM=1,1,1,1,1,
 ST=1,
 III=1,
 OCC=5,
 CLOSED=2,
 /
    4.0978932629900084            1       1       1       1
  -0.50229888884245799            2       1       1       1
  -0.32480232830418782            1       2       1       1
   0.97327309164075337            2       2       1       1
   0.96145057024583624            3       3       1       1
   0.96145057024583624            4       4       1       1
   0.96145057024583624            5       5       1       1
  -0.50229888884245799            1       1       2       1
   0.98130904243713485E-001       2       1       2       1
   0.67010594584449940E-001       1       2       2       1
  -0.40656006808865441E-002       2       2       2       1
   0.56030408773750304E-002       3       3       2       1
   0.56030408773750338E-002       4       4       2       1
   0.56030408773750477E-002       5       5       2       1
   0.41547199914285404E-001       3       1       3       1
   0.62802743877174327E-001       3       2       3       1
   0.22365251330850190E-001       1       3       3       1
   0.59714097747750022E-001       2       3       3       1
   0.41547199914285418E-001       4       1       4       1
   0.62802743877174341E-001       4       2       4       1
   0.22365251330850197E-001       1       4       4       1
   0.59714097747750022E-001       2       4       4       1
   0.41547199914285390E-001       5       1       5       1
   0.62802743877174300E-001       5       2       5       1
   0.22365251330850183E-001       1       5       5       1
   0.59714097747749981E-001       2       5       5       1
  -0.32480232830418782            1       1       1       2
   0.67010594584449940E-001       2       1       1       2
   0.35890284925186401E-001       1       2       1       2
  -0.35939244863573618E-001       2       2       1       2
  -0.28657105290989582E-001       3       3       1       2
  -0.28657105290989564E-001       4       4       1       2
  -0.28657105290989561E-001       5       5       1       2
   0.97327309164075337            1       1       2       2
  -0.40656006808865441E-002       2       1       2       2
  -0.35939244863573618E-001       1       2       2       2
   0.68054130380525213            2       2       2       2
   0.68820676280291126            3       3       2       2
   0.68820676280291126            4       4       2       2
   0.68820676280291126            5       5       2       2
   0.62802743877174327E-001       3       1       3       2
   0.16616770444735823            3       2       3       2
   0.46544990789911325E-003       1       3       3       2
   0.14388529503264486            2       3       3       2
   0.62802743877174341E-001       4       1       4       2
   0.16616770444735823            4       2       4       2
   0.46544990789907856E-003       1       4       4       2
   0.14388529503264483            2       4       4       2
   0.62802743877174300E-001       5       1       5       2
   0.16616770444735823            5       2       5       2
   0.46544990789905774E-003       1       5       5       2
   0.14388529503264486            2       5       5       2
   0.22365251330850190E-001       3       1       1       3
   0.46544990789911325E-003       3       2       1       3
   0.31833027474149796E-002       1       3       1       3
  -0.26231962215252161E-002       2       3       1       3
   0.59714097747750022E-001       3       1       2       3
   0.14388529503264486            3       2       2       3
  -0.26231962215252161E-002       1       3       2       3
   0.12160288561793145            2       3       2       3
   0.96145057024583624            1       1       3       3
   0.56030408773750304E-002       2       1       3       3
  -0.28657105290989582E-001       1       2       3       3
   0.68820676280291126            2       2       3       3
   0.75084259378880336            3       3       3       3
   0.67263806637243062            4       4       3       3
   0.67263806637243062            5       5       3       3
   0.39103745130151933E-001       4       3       4       3
   0.39103745130151933E-001       3       4       4       3
   0.39103745130151933E-001       5       3       5       3
   0.39103745130151933E-001       3       5       5       3
   0.22365251330850197E-001       4       1       1       4
   0.46544990789907856E-003       4       2       1       4
   0.31833027474149796E-002       1       4       1       4
  -0.26231962215252508E-002       2       4       1       4
   0.59714097747750022E-001       4       1       2       4
   0.14388529503264483            4       2       2       4
  -0.26231962215252508E-002       1       4       2       4
   0.12160288561793144            2       4       2       4
   0.39103745130151933E-001       4       3       3       4
   0.39103745130151933E-001       3       4       3       4
   0.96145057024583624            1       1       4       4
   0.56030408773750338E-002       2       1       4       4
  -0.28657105290989564E-001       1       2       4       4
   0.68820676280291126            2       2       4       4
   0.67263806637243062            3       3       4       4
   0.75084259378880336            4       4       4       4
   0.67263806637243062            5       5       4       4
   0.39103745130151933E-001       5       4       5       4
   0.39103745130151933E-001       4       5       5       4
   0.22365251330850183E-001       5       1       1       5
   0.46544990789905774E-003       5       2       1       5
   0.31833027474149761E-002       1       5       1       5
  -0.26231962215252647E-002       2       5       1       5
   0.59714097747749981E-001       5       1       2       5
   0.14388529503264486            5       2       2       5
  -0.26231962215252647E-002       1       5       2       5
   0.12160288561793145            2       5       2       5
   0.39103745130151933E-001       5       3       3       5
   0.39103745130151933E-001       3       5       3       5
   0.39103745130151933E-001       5       4       4       5
   0.39103745130151933E-001       4       5       4       5
   0.96145057024583624            1       1       5       5
   0.56030408773750477E-002       2       1       5       5
  -0.28657105290989561E-001       1       2       5       5
   0.68820676280291126            2       2       5       5
   0.67263806637243062            3       3       5       5
   0.67263806637243062            4       4       5       5
   0.75084259378880336            5       5       5       5
   -24.427272334763131            1       1       0       0
   0.51983474207596547            1       2       0       0
   0.51983474207596547            2       1       0       0
   -5.3243850428317483            2       2       0       0
   -4.9236623406036211            3       3       0       0
   -4.9236623406036211            4       4       0       0
   -4.9236623406036211            5       5       0       0
    0.0000000000000000            0       0       0       0
