&FCI
 NORB=5,
 NELEC=7,
 MS2=3,
 ISYM=1,
 ORBSYM=1,1,1,1,1,
 ST=1,
 III=1,
 OCC=5,
 CLOSED=2,
 /
    4.0965607517311797            1       1       1       1
  -0.50654887658326497            2       1       1       1
  -0.32017490718301989            1       2       1       1
   0.97336216107768792            2       2       1       1
   0.96154487598297744            3       3       1       1
   0.96154487598297744            4       4       1       1
   0.96154487598297744            5       5       1       1
  -0.50654887658326497            1       1       2       1
   0.99378966076821271E-001       2       1       2       1
   0.66989278637507962E-001       1       2       2       1
  -0.34244980391909957E-002       2       2       2       1
   0.62467588176569853E-002       3       3       2       1
   0.62467588176570027E-002       4       4       2       1
   0.62467588176569958E-002       5       5       2       1
   0.41430353269666265E-001       3       1       3       1
   0.62038049787267256E-001       3       2       3       1
   0.22370331577384897E-001       1       3       3       1
   0.59004235536063362E-001       2       3       3       1
   0.41430353269666237E-001       4       1       4       1
   0.62038049787267277E-001       4       2       4       1
   0.22370331577384890E-001       1       4       4       1
   0.59004235536063376E-001       2       4       4       1
   0.41430353269666251E-001       5       1       5       1
   0.62038049787267277E-001       5       2       5       1
   0.22370331577384914E-001       1       5       5       1
   0.59004235536063376E-001       2       5       5       1
  -0.32017490718301989            1       1       1       2
   0.66989278637507962E-001       2       1       1       2
   0.34599591198194661E-001       1       2       1       2
  -0.36554653765904263E-001       2       2       1       2
  -0.29274538336080739E-001       3       3       1       2
  -0.29274538336080732E-001       4       4       1       2
  -0.29274538336080728E-001       5       5       1       2
   0.97336216107768792            1       1       2       2
  -0.34244980391909957E-002       2       1       2       2
  -0.36554653765904263E-001       1       2       2       2
   0.68075059565586360            2       2       2       2
   0.68841503252518943            3       3       2       2
   0.68841503252518943            4       4       2       2
   0.68841503252518943            5       5       2       2
   0.62038049787267256E-001       3       1       3       2
   0.16578103173834169            3       2       3       2
   0.11892260530793688E-002       1       3       3       2
   0.14398468783983751            2       3       3       2
   0.62038049787267277E-001       4       1       4       2
   0.16578103173834169            4       2       4       2
   0.11892260530793793E-002       1       4       4       2
   0.14398468783983751            2       4       4       2
   0.62038049787267277E-001       5       1       5       2
   0.16578103173834166            5       2       5       2
   0.11892260530793931E-002       1       5       5       2
   0.14398468783983751            2       5       5       2
   0.22370331577384897E-001       3       1       1       3
   0.11892260530793688E-002       3       2       1       3
   0.33103098851035330E-002       1       3       1       3
  -0.18445881981245457E-002       2       3       1       3
   0.59004235536063362E-001       3       1       2       3
   0.14398468783983751            3       2       2       3
  -0.18445881981245457E-002       1       3       2       3
   0.12218834394133331            2       3       2       3
   0.96154487598297744            1       1       3       3
   0.62467588176569853E-002       2       1       3       3
  -0.29274538336080739E-001       1       2       3       3
   0.68841503252518943            2       2       3       3
   0.75107603660632227            3       3       3       3
   0.67283296856411245            4       4       3       3
   0.67283296856411245            5       5       3       3
   0.39123017295254428E-001       4       3       4       3
   0.39123017295254428E-001       3       4       4       3
   0.39123017295254428E-001       5       3       5       3
   0.39123017295254428E-001       3       5       5       3
   0.22370331577384890E-001       4       1       1       4
   0.11892260530793793E-002       4       2       1       4
   0.33103098851035469E-002       1       4       1       4
  -0.18445881981245388E-002       2       4       1       4
   0.59004235536063376E-001       4       1       2       4
   0.14398468783983751            4       2       2       4
  -0.18445881981245388E-002       1       4       2       4
   0.12218834394133332            2       4       2       4
   0.39123017295254428E-001       4       3       3       4
   0.39123017295254428E-001       3       4       3       4
   0.96154487598297744            1       1       4       4
   0.62467588176570027E-002       2       1       4       4
  -0.29274538336080732E-001       1       2       4       4
   0.68841503252518943            2       2       4       4
   0.67283296856411245            3       3       4       4
   0.75107603660632227            4       4       4       4
   0.67283296856411245            5       5       4       4
   0.39123017295254428E-001       5       4       5       4
   0.39123017295254428E-001       4       5       5       4
   0.22370331577384914E-001       5       1       1       5
   0.11892260530793931E-002       5       2       1       5
   0.33103098851035746E-002       1       5       1       5
  -0.18445881981245180E-002       2       5       1       5
   0.59004235536063376E-001       5       1       2       5
   0.14398468783983751            5       2       2       5
  -0.18445881981245180E-002       1       5       2       5
   0.12218834394133334            2       5       2       5
   0.39123017295254428E-001       5       3       3       5
   0.39123017295254428E-001       3       5       3       5
   0.39123017295254428E-001       5       4       4       5
   0.39123017295254428E-001       4       5       4       5
   0.96154487598297744            1       1       5       5
   0.62467588176569958E-002       2       1       5       5
  -0.29274538336080728E-001       1       2       5       5
   0.68841503252518943            2       2       5       5
   0.67283296856411245            3       3       5       5
   0.67283296856411245            4       4       5       5
   0.75107603660632227            5       5       5       5
   -24.427272334763131            1       1       0       0
   0.51983474207596547            1       2       0       0
   0.51983474207596547            2       1       0       0
   -5.3243850428317483            2       2       0       0
   -4.9236623406036211            3       3       0       0
   -4.9236623406036211            4       4       0       0
   -4.9236623406036211            5       5       0       0
    0.0000000000000000            0       0       0       0
