&FCI
 NORB=5,
 NELEC=7,
 MS2=3,
 ISYM=1,
 ORBSYM=1,1,1,1,1,
 ST=1,
 III=1,
 OCC=5,
 CLOSED=2,
 /
    4.0992125849404086            1       1       1       1
  -0.49620832544046140            2       1       1       1
  -0.33106186866853810            1       2       1       1
   0.97357031441210395            2       2       1       1
   0.96176775585462249            3       3       1       1
   0.96176775585462249            4       4       1       1
   0.96176775585462249            5       5       1       1
  -0.49620832544046140            1       1       2       1
   0.96757660871085116E-001       2       1       2       1
   0.67021089544523488E-001       1       2       2       1
  -0.57563534767415738E-002       2       2       2       1
   0.40457798692341840E-002       3       3       2       1
   0.40457798692341822E-002       4       4       2       1
   0.40457798692341909E-002       5       5       2       1
   0.41320967972565431E-001       3       1       3       1
   0.62770119894242860E-001       3       2       3       1
   0.22376772472547483E-001       1       3       3       1
   0.59708013071877925E-001       2       3       3       1
   0.41320967972565431E-001       4       1       4       1
   0.62770119894242860E-001       4       2       4       1
   0.22376772472547476E-001       1       4       4       1
   0.59708013071877938E-001       2       4       4       1
   0.41320967972565466E-001       5       1       5       1
   0.62770119894242860E-001       5       2       5       1
   0.22376772472547490E-001       1       5       5       1
   0.59708013071877938E-001       2       5       5       1
  -0.33106186866853810            1       1       1       2
   0.67021089544523488E-001       2       1       1       2
   0.37284518217961859E-001       1       2       1       2
  -0.34214250821118508E-001       2       2       1       2
  -0.27067567630983932E-001       3       3       1       2
  -0.27067567630983974E-001       4       4       1       2
  -0.27067567630983967E-001       5       5       1       2
   0.97357031441210395            1       1       2       2
  -0.57563534767415738E-002       2       1       2       2
  -0.34214250821118508E-001       1       2       2       2
   0.68087421619689570            2       2       2       2
   0.68854564338621516            3       3       2       2
   0.68854564338621516            4       4       2       2
   0.68854564338621516            5       5       2       2
   0.62770119894242860E-001       3       1       3       2
   0.16714705004373989            3       2       3       2
   0.57628232527047810E-003       1       3       3       2
   0.14417967609088059            2       3       3       2
   0.62770119894242860E-001       4       1       4       2
   0.16714705004373986            4       2       4       2
   0.57628232527043646E-003       1       4       4       2
   0.14417967609088056            2       4       4       2
   0.62770119894242860E-001       5       1       5       2
   0.16714705004373989            5       2       5       2
   0.57628232527042605E-003       1       5       5       2
   0.14417967609088056            2       5       5       2
   0.22376772472547483E-001       3       1       1       3
   0.57628232527047810E-003       3       2       1       3
   0.34325769725295358E-002       1       3       1       3
  -0.24858244970944604E-002       2       3       1       3
   0.59708013071877925E-001       3       1       2       3
   0.14417967609088059            3       2       2       3
  -0.24858244970944604E-002       1       3       2       3
   0.12121230213802126            2       3       2       3
   0.96176775585462249            1       1       3       3
   0.40457798692341840E-002       2       1       3       3
  -0.27067567630983932E-001       1       2       3       3
   0.68854564338621516            2       2       3       3
   0.75139303592131834            3       3       3       3
   0.67288066271066982            4       4       3       3
   0.67288066271066982            5       5       3       3
   0.39257632589371025E-001       4       3       4       3
   0.39257632589371018E-001       3       4       4       3
   0.39257632589371018E-001       5       3       5       3
   0.39257632589371018E-001       3       5       5       3
   0.22376772472547476E-001       4       1       1       4
   0.57628232527043646E-003       4       2       1       4
   0.34325769725295184E-002       1       4       1       4
  -0.24858244970945020E-002       2       4       1       4
   0.59708013071877938E-001       4       1       2       4
   0.14417967609088056            4       2       2       4
  -0.24858244970945020E-002       1       4       2       4
   0.12121230213802126            2       4       2       4
   0.39257632589371018E-001       4       3       3       4
   0.39257632589371018E-001       3       4       3       4
   0.96176775585462249            1       1       4       4
   0.40457798692341822E-002       2       1       4       4
  -0.27067567630983974E-001       1       2       4       4
   0.68854564338621516            2       2       4       4
   0.67288066271066982            3       3       4       4
   0.75139303592131834            4       4       4       4
   0.67288066271066982            5       5       4       4
   0.39257632589371018E-001       5       4       5       4
   0.39257632589371018E-001       4       5       5       4
   0.22376772472547490E-001       5       1       1       5
   0.57628232527042605E-003       5       2       1       5
   0.34325769725295184E-002       1       5       1       5
  -0.24858244970945159E-002       2       5       1       5
   0.59708013071877938E-001       5       1       2       5
   0.14417967609088056            5       2       2       5
  -0.24858244970945159E-002       1       5       2       5
   0.12121230213802126            2       5       2       5
   0.39257632589371018E-001       5       3       3       5
   0.39257632589371018E-001       3       5       3       5
   0.39257632589371018E-001       5       4       4       5
   0.39257632589371018E-001       4       5       4       5
   0.96176775585462249            1       1       5       5
   0.40457798692341909E-002       2       1       5       5
  -0.27067567630983967E-001       1       2       5       5
   0.68854564338621516            2       2       5       5
   0.67288066271066982            3       3       5       5
   0.67288066271066982            4       4       5       5
   0.75139303592131834            5       5       5       5
   -24.427272334763131            1       1       0       0
   0.51983474207596547            1       2       0       0
   0.51983474207596547            2       1       0       0
   -5.3243850428317483            2       2       0       0
   -4.9236623406036211            3       3       0       0
   -4.9236623406036211            4       4       0       0
   -4.9236623406036211            5       5       0       0
    0.0000000000000000            0       0       0       0
