&FCI
 NORB=5,
 NELEC=7,
 MS2=3,
 ISYM=1,
 ORBSYM=1,1,1,1,1,
 ST=1,
 III=1,
 OCC=5,
 CLOSED=2,
 /
    4.0994335456595588            1       1       1       1
  -0.49877422693337858            2       1       1       1
  -0.32859012423201689            1       2       1       1
   0.97347546262253892            2       2       1       1
   0.96166908520423955            3       3       1       1
   0.96166908520423955            4       4       1       1
   0.96166908520423955            5       5       1       1
  -0.49877422693337858            1       1       2       1
   0.97292918421262281E-001       2       1       2       1
   0.67024348256999017E-001       1       2       2       1
  -0.43837426161745206E-002       2       2       2       1
   0.53157733125995740E-002       3       3       2       1
   0.53157733125996018E-002       4       4       2       1
   0.53157733125996226E-002       5       5       2       1
   0.41340531332674818E-001       3       1       3       1
   0.63027188807645712E-001       3       2       3       1
   0.22377739361699869E-001       1       3       3       1
   0.59925733024004925E-001       2       3       3       1
   0.41340531332674811E-001       4       1       4       1
   0.63027188807645740E-001       4       2       4       1
   0.22377739361699865E-001       1       4       4       1
   0.59925733024004946E-001       2       4       4       1
   0.41340531332674804E-001       5       1       5       1
   0.63027188807645754E-001       5       2       5       1
   0.22377739361699862E-001       1       5       5       1
   0.59925733024004960E-001       2       5       5       1
  -0.32859012423201689            1       1       1       2
   0.67024348256999017E-001       2       1       1       2
   0.36755778092735746E-001       1       2       1       2
  -0.35641250354844431E-001       2       2       1       2
  -0.28391227480425878E-001       3       3       1       2
  -0.28391227480425885E-001       4       4       1       2
  -0.28391227480425912E-001       5       5       1       2
   0.97347546262253892            1       1       2       2
  -0.43837426161745206E-002       2       1       2       2
  -0.35641250354844431E-001       1       2       2       2
   0.68063107988105009            2       2       2       2
   0.68829831910950523            3       3       2       2
   0.68829831910950523            4       4       2       2
   0.68829831910950523            5       5       2       2
   0.63027188807645712E-001       3       1       3       2
   0.16638392248798906            3       2       3       2
   0.28832742416932955E-003       1       3       3       2
   0.14388057004197985            2       3       3       2
   0.63027188807645740E-001       4       1       4       2
   0.16638392248798906            4       2       4       2
   0.28832742416933996E-003       1       4       4       2
   0.14388057004197985            2       4       4       2
   0.63027188807645754E-001       5       1       5       2
   0.16638392248798906            5       2       5       2
   0.28832742416934343E-003       1       5       5       2
   0.14388057004197985            2       5       5       2
   0.22377739361699869E-001       3       1       1       3
   0.28832742416932955E-003       3       2       1       3
   0.34149473907249192E-002       1       3       1       3
  -0.28131283594714715E-002       2       3       1       3
   0.59925733024004925E-001       3       1       2       3
   0.14388057004197985            3       2       2       3
  -0.28131283594714715E-002       1       3       2       3
   0.12137721759597067            2       3       2       3
   0.96166908520423955            1       1       3       3
   0.53157733125995740E-002       2       1       3       3
  -0.28391227480425878E-001       1       2       3       3
   0.68829831910950523            2       2       3       3
   0.75091427435685354            3       3       3       3
   0.67274304989621059            4       4       3       3
   0.67274304989621059            5       5       3       3
   0.39087109125616096E-001       4       3       4       3
   0.39087109125616096E-001       3       4       4       3
   0.39087109125616089E-001       5       3       5       3
   0.39087109125616096E-001       3       5       5       3
   0.22377739361699865E-001       4       1       1       4
   0.28832742416933996E-003       4       2       1       4
   0.34149473907249227E-002       1       4       1       4
  -0.28131283594714646E-002       2       4       1       4
   0.59925733024004946E-001       4       1       2       4
   0.14388057004197985            4       2       2       4
  -0.28131283594714646E-002       1       4       2       4
   0.12137721759597066            2       4       2       4
   0.39087109125616096E-001       4       3       3       4
   0.39087109125616096E-001       3       4       3       4
   0.96166908520423955            1       1       4       4
   0.53157733125996018E-002       2       1       4       4
  -0.28391227480425885E-001       1       2       4       4
   0.68829831910950523            2       2       4       4
   0.67274304989621059            3       3       4       4
   0.75091427435685354            4       4       4       4
   0.67274304989621059            5       5       4       4
   0.39087109125616096E-001       5       4       5       4
   0.39087109125616096E-001       4       5       5       4
   0.22377739361699862E-001       5       1       1       5
   0.28832742416934343E-003       5       2       1       5
   0.34149473907249227E-002       1       5       1       5
  -0.28131283594714576E-002       2       5       1       5
   0.59925733024004960E-001       5       1       2       5
   0.14388057004197985            5       2       2       5
  -0.28131283594714576E-002       1       5       2       5
   0.12137721759597066            2       5       2       5
   0.39087109125616096E-001       5       3       3       5
   0.39087109125616103E-001       3       5       3       5
   0.39087109125616096E-001       5       4       4       5
   0.39087109125616096E-001       4       5       4       5
   0.96166908520423955            1       1       5       5
   0.53157733125996226E-002       2       1       5       5
  -0.28391227480425912E-001       1       2       5       5
   0.68829831910950523            2       2       5       5
   0.67274304989621059            3       3       5       5
   0.67274304989621059            4       4       5       5
   0.75091427435685354            5       5       5       5
   -24.427272334763131            1       1       0       0
   0.51983474207596547            1       2       0       0
   0.51983474207596547            2       1       0       0
   -5.3243850428317483            2       2       0       0
   -4.9236623406036211            3       3       0       0
   -4.9236623406036211            4       4       0       0
   -4.9236623406036211            5       5       0       0
    0.0000000000000000            0       0       0       0
