&FCI
 NORB=5,
 NELEC=7,
 MS2=3,
 ISYM=1,
 ORBSYM=1,1,1,1,1,
 ST=1,
 III=1,
 OCC=5,
 CLOSED=2,
 /
    4.0974844539676365            1       1       1       1
  -0.50396514958784167            2       1       1       1
  -0.32294941843356684            1       2       1       1
   0.97333683445763508            2       2       1       1
   0.96153049973347182            3       3       1       1
   0.96153049973347182            4       4       1       1
   0.96153049973347182            5       5       1       1
  -0.50396514958784167            1       1       2       1
   0.98948333943654057E-001       2       1       2       1
   0.66996635169897789E-001       1       2       2       1
  -0.35110597481979207E-002       2       2       2       1
   0.62168480071924624E-002       3       3       2       1
   0.62168480071925006E-002       4       4       2       1
   0.62168480071924936E-002       5       5       2       1
   0.41357195848919684E-001       3       1       3       1
   0.63215663972527439E-001       3       2       3       1
   0.22366863012729873E-001       1       3       3       1
   0.60100183050710791E-001       2       3       3       1
   0.41357195848919698E-001       4       1       4       1
   0.63215663972527439E-001       4       2       4       1
   0.22366863012729873E-001       1       4       4       1
   0.60100183050710791E-001       2       4       4       1
   0.41357195848919705E-001       5       1       5       1
   0.63215663972527425E-001       5       2       5       1
   0.22366863012729873E-001       1       5       5       1
   0.60100183050710770E-001       2       5       5       1
  -0.32294941843356684            1       1       1       2
   0.66996635169897789E-001       2       1       1       2
   0.35044936396141514E-001       1       2       1       2
  -0.36540521861482461E-001       2       2       1       2
  -0.29317126393473444E-001       3       3       1       2
  -0.29317126393473444E-001       4       4       1       2
  -0.29317126393473458E-001       5       5       1       2
   0.97333683445763508            1       1       2       2
  -0.35110597481979207E-002       2       1       2       2
  -0.36540521861482461E-001       1       2       2       2
   0.68028332604549935            2       2       2       2
   0.68795659859200131            3       3       2       2
   0.68795659859200131            4       4       2       2
   0.68795659859200131            5       5       2       2
   0.63215663972527439E-001       3       1       3       2
   0.16661854793678482            3       2       3       2
   0.51514877757542765E-004       1       3       3       2
   0.14373659871704392            2       3       3       2
   0.63215663972527439E-001       4       1       4       2
   0.16661854793678482            4       2       4       2
   0.51514877757535826E-004       1       4       4       2
   0.14373659871704389            2       4       4       2
   0.63215663972527425E-001       5       1       5       2
   0.16661854793678482            5       2       5       2
   0.51514877757508071E-004       1       5       5       2
   0.14373659871704389            2       5       5       2
   0.22366863012729873E-001       3       1       1       3
   0.51514877757542765E-004       3       2       1       3
   0.33765301765400560E-002       1       3       1       3
  -0.30639660440591188E-002       2       3       1       3
   0.60100183050710791E-001       3       1       2       3
   0.14373659871704392            3       2       2       3
  -0.30639660440591188E-002       1       3       2       3
   0.12085464949730300            2       3       2       3
   0.96153049973347182            1       1       3       3
   0.62168480071924624E-002       2       1       3       3
  -0.29317126393473444E-001       1       2       3       3
   0.68795659859200131            2       2       3       3
   0.75053798798133675            3       3       3       3
   0.67242775843754232            4       4       3       3
   0.67242775843754232            5       5       3       3
   0.39056585211487992E-001       4       3       4       3
   0.39056585211487992E-001       3       4       4       3
   0.39056585211487992E-001       5       3       5       3
   0.39056585211487992E-001       3       5       5       3
   0.22366863012729873E-001       4       1       1       4
   0.51514877757535826E-004       4       2       1       4
   0.33765301765400525E-002       1       4       1       4
  -0.30639660440591257E-002       2       4       1       4
   0.60100183050710791E-001       4       1       2       4
   0.14373659871704389            4       2       2       4
  -0.30639660440591257E-002       1       4       2       4
   0.12085464949730296            2       4       2       4
   0.39056585211487992E-001       4       3       3       4
   0.39056585211487985E-001       3       4       3       4
   0.96153049973347182            1       1       4       4
   0.62168480071925006E-002       2       1       4       4
  -0.29317126393473444E-001       1       2       4       4
   0.68795659859200131            2       2       4       4
   0.67242775843754232            3       3       4       4
   0.75053798798133675            4       4       4       4
   0.67242775843754232            5       5       4       4
   0.39056585211487992E-001       5       4       5       4
   0.39056585211487992E-001       4       5       5       4
   0.22366863012729873E-001       5       1       1       5
   0.51514877757508071E-004       5       2       1       5
   0.33765301765400456E-002       1       5       1       5
  -0.30639660440591535E-002       2       5       1       5
   0.60100183050710770E-001       5       1       2       5
   0.14373659871704389            5       2       2       5
  -0.30639660440591535E-002       1       5       2       5
   0.12085464949730299            2       5       2       5
   0.39056585211487992E-001       5       3       3       5
   0.39056585211487985E-001       3       5       3       5
   0.39056585211487992E-001       5       4       4       5
   0.39056585211487992E-001       4       5       4       5
   0.96153049973347182            1       1       5       5
   0.62168480071924936E-002       2       1       5       5
  -0.29317126393473458E-001       1       2       5       5
   0.68795659859200131            2       2       5       5
   0.67242775843754232            3       3       5       5
   0.67242775843754232            4       4       5       5
   0.75053798798133675            5       5       5       5
   -24.427272334763131            1       1       0       0
   0.51983474207596547            1       2       0       0
   0.51983474207596547            2       1       0       0
   -5.3243850428317483            2       2       0       0
   -4.9236623406036211            3       3       0       0
   -4.9236623406036211            4       4       0       0
   -4.9236623406036211            5       5       0       0
    0.0000000000000000            0       0       0       0
