&FCI
 NORB=5,
 NELEC=7,
 MS2=3,
 ISYM=1,
 ORBSYM=1,1,1,1,1,
 ST=1,
 III=1,
 OCC=5,
 CLOSED=2,
 /
    4.0981167122245177            1       1       1       1
  -0.50392356126744764            2       1       1       1
  -0.32330335779865138            1       2       1       1
   0.97297819048865974            2       2       1       1
   0.96115651393770862            3       3       1       1
   0.96115651393770862            4       4       1       1
   0.96115651393770862            5       5       1       1
  -0.50392356126744764            1       1       2       1
   0.98198701972235042E-001       2       1       2       1
   0.67020783826373553E-001       1       2       2       1
  -0.39408609067153599E-002       2       2       2       1
   0.56437773090546837E-002       3       3       2       1
   0.56437773090546976E-002       4       4       2       1
   0.56437773090547011E-002       5       5       2       1
   0.41561595820834026E-001       3       1       3       1
   0.63104487332536041E-001       3       2       3       1
   0.22364742201516411E-001       1       3       3       1
   0.59985493451029770E-001       2       3       3       1
   0.41561595820834060E-001       4       1       4       1
   0.63104487332536041E-001       4       2       4       1
   0.22364742201516425E-001       1       4       4       1
   0.59985493451029756E-001       2       4       4       1
   0.41561595820834046E-001       5       1       5       1
   0.63104487332536055E-001       5       2       5       1
   0.22364742201516415E-001       1       5       5       1
   0.59985493451029777E-001       2       5       5       1
  -0.32330335779865138            1       1       1       2
   0.67020783826373553E-001       2       1       1       2
   0.35842865680512072E-001       1       2       1       2
  -0.36042326030371913E-001       2       2       1       2
  -0.28675248955050633E-001       3       3       1       2
  -0.28675248955050626E-001       4       4       1       2
  -0.28675248955050602E-001       5       5       1       2
   0.97297819048865974            1       1       2       2
  -0.39408609067153599E-002       2       1       2       2
  -0.36042326030371913E-001       1       2       2       2
   0.68050944330745466            2       2       2       2
   0.68816461058602318            3       3       2       2
   0.68816461058602318            4       4       2       2
   0.68816461058602318            5       5       2       2
   0.63104487332536041E-001       3       1       3       2
   0.16589601699880135            3       2       3       2
   0.17971194028605988E-003       1       3       3       2
   0.14384862003368157            2       3       3       2
   0.63104487332536041E-001       4       1       4       2
   0.16589601699880138            4       2       4       2
   0.17971194028608764E-003       1       4       4       2
   0.14384862003368157            2       4       4       2
   0.63104487332536055E-001       5       1       5       2
   0.16589601699880135            5       2       5       2
   0.17971194028605642E-003       1       5       5       2
   0.14384862003368157            2       5       5       2
   0.22364742201516411E-001       3       1       1       3
   0.17971194028605988E-003       3       2       1       3
   0.31678885821987968E-002       1       3       1       3
  -0.29392819412202356E-002       2       3       1       3
   0.59985493451029770E-001       3       1       2       3
   0.14384862003368157            3       2       2       3
  -0.29392819412202356E-002       1       3       2       3
   0.12180122306856178            2       3       2       3
   0.96115651393770862            1       1       3       3
   0.56437773090546837E-002       2       1       3       3
  -0.28675248955050633E-001       1       2       3       3
   0.68816461058602318            2       2       3       3
   0.75075438107125558            3       3       3       3
   0.67260481012447870            4       4       3       3
   0.67260481012447870            5       5       3       3
   0.39076320162981501E-001       4       3       4       3
   0.39076320162981501E-001       3       4       4       3
   0.39076320162981501E-001       5       3       5       3
   0.39076320162981501E-001       3       5       5       3
   0.22364742201516425E-001       4       1       1       4
   0.17971194028608764E-003       4       2       1       4
   0.31678885821987933E-002       1       4       1       4
  -0.29392819412202079E-002       2       4       1       4
   0.59985493451029756E-001       4       1       2       4
   0.14384862003368157            4       2       2       4
  -0.29392819412202079E-002       1       4       2       4
   0.12180122306856178            2       4       2       4
   0.39076320162981501E-001       4       3       3       4
   0.39076320162981501E-001       3       4       3       4
   0.96115651393770862            1       1       4       4
   0.56437773090546976E-002       2       1       4       4
  -0.28675248955050626E-001       1       2       4       4
   0.68816461058602318            2       2       4       4
   0.67260481012447870            3       3       4       4
   0.75075438107125558            4       4       4       4
   0.67260481012447870            5       5       4       4
   0.39076320162981501E-001       5       4       5       4
   0.39076320162981501E-001       4       5       5       4
   0.22364742201516415E-001       5       1       1       5
   0.17971194028605642E-003       5       2       1       5
   0.31678885821987864E-002       1       5       1       5
  -0.29392819412202426E-002       2       5       1       5
   0.59985493451029777E-001       5       1       2       5
   0.14384862003368157            5       2       2       5
  -0.29392819412202426E-002       1       5       2       5
   0.12180122306856177            2       5       2       5
   0.39076320162981501E-001       5       3       3       5
   0.39076320162981501E-001       3       5       3       5
   0.39076320162981501E-001       5       4       4       5
   0.39076320162981501E-001       4       5       4       5
   0.96115651393770862            1       1       5       5
   0.56437773090547011E-002       2       1       5       5
  -0.28675248955050602E-001       1       2       5       5
   0.68816461058602318            2       2       5       5
   0.67260481012447870            3       3       5       5
   0.67260481012447870            4       4       5       5
   0.75075438107125558            5       5       5       5
   -24.427272334763131            1       1       0       0
   0.51983474207596547            1       2       0       0
   0.51983474207596547            2       1       0       0
   -5.3243850428317483            2       2       0       0
   -4.9236623406036211            3       3       0       0
   -4.9236623406036211            4       4       0       0
   -4.9236623406036211            5       5       0       0
    0.0000000000000000            0       0       0       0
