           5
  -0.12569420123237227E-001       1       1       1       1       1       1
   0.20668230512099128E-002       1       1       1       1       1       2
  -0.37821263373534540E-003       1       1       1       1       2       2
  -0.37998121469984324E-004       1       1       1       1       3       3
  -0.37998121469984283E-004       1       1       1       1       4       4
  -0.37998121469984303E-004       1       1       1       1       5       5
   0.72544560616601904E-004       1       1       1       2       2       2
  -0.20201946495816835E-005       1       1       1       2       3       3
  -0.20201946495816767E-005       1       1       1       2       4       4
  -0.20201946495816970E-005       1       1       1       2       5       5
  -0.60807219103633657E-003       1       1       2       1       1       2
  -0.13357927008065854E-003       1       1       2       1       2       2
  -0.29431295173297361E-004       1       1       2       1       3       3
  -0.29431295173297181E-004       1       1       2       1       4       4
  -0.29431295173297127E-004       1       1       2       1       5       5
   0.35668155449460729E-004       1       1       2       2       2       2
  -0.14896929225921784E-004       1       1       2       2       3       3
  -0.14896929225921768E-004       1       1       2       2       4       4
  -0.14896929225921751E-004       1       1       2       2       5       5
  -0.19658079056060716E-004       1       1       2       3       3       2
  -0.19658079056060723E-004       1       1       2       4       4       2
  -0.19658079056060713E-004       1       1       2       5       5       2
  -0.33534276110229520E-003       1       1       3       1       1       3
  -0.18264887463557815E-003       1       1       3       1       2       3
   0.45538684570799655E-004       1       1       3       2       2       3
  -0.30013485445742122E-004       1       1       3       3       3       3
  -0.62567251738167637E-005       1       1       3       3       4       4
  -0.62567251738167612E-005       1       1       3       3       5       5
  -0.17498109089718223E-004       1       1       3       4       4       3
  -0.17498109089718230E-004       1       1       3       5       5       3
  -0.33534276110229640E-003       1       1       4       1       1       4
  -0.18264887463557828E-003       1       1       4       1       2       4
   0.45538684570799661E-004       1       1       4       2       2       4
  -0.17498109089718230E-004       1       1       4       3       3       4
  -0.30013485445742156E-004       1       1       4       4       4       4
  -0.62567251738167637E-005       1       1       4       4       5       5
  -0.17498109089718240E-004       1       1       4       5       5       4
  -0.33534276110229607E-003       1       1       5       1       1       5
  -0.18264887463557817E-003       1       1       5       1       2       5
   0.45538684570799682E-004       1       1       5       2       2       5
  -0.17498109089718247E-004       1       1       5       3       3       5
  -0.17498109089718251E-004       1       1       5       4       4       5
  -0.30013485445742163E-004       1       1       5       5       5       5
  -0.75033558037962671E-003       1       2       2       1       2       2
  -0.15841311543086481E-003       1       2       2       1       3       3
  -0.15841311543086473E-003       1       2       2       1       4       4
  -0.15841311543086502E-003       1       2       2       1       5       5
   0.47143962382308508E-004       1       2       2       2       2       2
  -0.36904985274562063E-004       1       2       2       2       3       3
  -0.36904985274562049E-004       1       2       2       2       4       4
  -0.36904985274562076E-004       1       2       2       2       5       5
  -0.62162322208815786E-004       1       2       2       3       2       3
  -0.62162322208815840E-004       1       2       2       4       2       4
  -0.62162322208815800E-004       1       2       2       5       2       5
  -0.80478465331231160E-003       1       2       3       1       2       3
   0.53330712802429487E-004       1       2       3       2       2       3
  -0.84892335640251174E-004       1       2       3       3       3       3
  -0.13243964174674679E-004       1       2       3       3       4       4
  -0.13243964174674655E-004       1       2       3       3       5       5
  -0.13243964174674688E-004       1       2       3       4       3       4
  -0.58400698675555978E-004       1       2       3       4       4       3
  -0.13243964174674686E-004       1       2       3       5       3       5
  -0.58400698675555958E-004       1       2       3       5       5       3
  -0.80478465331231181E-003       1       2       4       1       2       4
   0.53330712802429528E-004       1       2       4       2       2       4
  -0.58400698675555985E-004       1       2       4       3       3       4
  -0.84892335640251215E-004       1       2       4       4       4       4
  -0.13243964174674674E-004       1       2       4       4       5       5
  -0.13243964174674676E-004       1       2       4       5       4       5
  -0.58400698675555958E-004       1       2       4       5       5       4
  -0.80478465331231170E-003       1       2       5       1       2       5
   0.53330712802429555E-004       1       2       5       2       2       5
  -0.58400698675555937E-004       1       2       5       3       3       5
  -0.58400698675555965E-004       1       2       5       4       4       5
  -0.84892335640251228E-004       1       2       5       5       5       5
  -0.73368074991925062E-003       1       3       3       1       3       3
   0.97040231569514452E-004       1       3       3       1       4       4
   0.97040231569514411E-004       1       3       3       1       5       5
   0.45977131888989459E-004       1       3       3       2       3       3
  -0.11200577091340423E-004       1       3       3       2       4       4
  -0.11200577091340421E-004       1       3       3       2       5       5
  -0.92782649858977892E-003       1       3       4       1       3       4
   0.68385785032681131E-004       1       3       4       2       3       4
  -0.92782649858977860E-003       1       3       5       1       3       5
   0.68385785032681103E-004       1       3       5       2       3       5
  -0.73368074991925019E-003       1       4       4       1       4       4
   0.97040231569514397E-004       1       4       4       1       5       5
   0.45977131888989405E-004       1       4       4       2       4       4
  -0.11200577091340423E-004       1       4       4       2       5       5
  -0.92782649858977871E-003       1       4       5       1       4       5
   0.68385785032681103E-004       1       4       5       2       4       5
  -0.73368074991925008E-003       1       5       5       1       5       5
   0.45977131888989392E-004       1       5       5       2       5       5
  -0.74881673648700064E-003       2       2       2       2       2       2
  -0.45340555600742471E-003       2       2       2       2       3       3
  -0.45340555600742482E-003       2       2       2       2       4       4
  -0.45340555600742471E-003       2       2       2       2       5       5
  -0.72694131149421957E-003       2       2       3       2       2       3
  -0.63522649565118711E-003       2       2       3       3       3       3
  -0.13623642013569029E-003       2       2       3       3       4       4
  -0.13623642013569026E-003       2       2       3       3       5       5
  -0.36267740845588164E-003       2       2       3       4       4       3
  -0.36267740845588137E-003       2       2       3       5       5       3
  -0.72694131149421946E-003       2       2       4       2       2       4
  -0.36267740845588137E-003       2       2       4       3       3       4
  -0.63522649565118721E-003       2       2       4       4       4       4
  -0.13623642013569035E-003       2       2       4       4       5       5
  -0.36267740845588142E-003       2       2       4       5       5       4
  -0.72694131149421935E-003       2       2       5       2       2       5
  -0.36267740845588126E-003       2       2       5       3       3       5
  -0.36267740845588142E-003       2       2       5       4       4       5
  -0.63522649565118678E-003       2       2       5       5       5       5
  -0.83065067999654274E-003       2       3       3       2       3       3
  -0.92987886573019232E-004       2       3       3       2       4       4
  -0.92987886573019340E-004       2       3       3       2       5       5
  -0.64459477593608835E-003       2       3       4       2       3       4
  -0.64459477593608900E-003       2       3       5       2       3       5
  -0.83065067999654274E-003       2       4       4       2       4       4
  -0.92987886573019313E-004       2       4       4       2       5       5
  -0.64459477593608889E-003       2       4       5       2       4       5
  -0.83065067999654242E-003       2       5       5       2       5       5
  -0.11036769946185876E-002       3       3       3       3       3       3
  -0.11248822644154039E-003       3       3       3       3       4       4
  -0.11248822644154043E-003       3       3       3       3       5       5
  -0.65353812549601338E-003       3       3       4       3       3       4
  -0.11248822644154035E-003       3       3       4       4       4       4
  -0.37972041616059450E-004       3       3       4       4       5       5
  -0.36520239303755464E-004       3       3       4       5       5       4
  -0.65353812549601305E-003       3       3       5       3       3       5
  -0.36520239303755410E-004       3       3       5       4       4       5
  -0.11248822644154044E-003       3       3       5       5       5       5
  -0.65353812549601327E-003       3       4       4       3       4       4
  -0.36520239303755464E-004       3       4       4       3       5       5
  -0.58045810568535831E-003       3       4       5       3       4       5
  -0.65353812549601294E-003       3       5       5       3       5       5
  -0.11036769946185889E-002       4       4       4       4       4       4
  -0.11248822644154039E-003       4       4       4       4       5       5
  -0.65353812549601327E-003       4       4       5       4       4       5
  -0.11248822644154044E-003       4       4       5       5       5       5
  -0.65353812549601305E-003       4       5       5       4       5       5
  -0.11036769946185872E-002       5       5       5       5       5       5
