           5
  -0.13560232277265820E-001       1       1       1       1       1       1
   0.21856340302034609E-002       1       1       1       1       1       2
  -0.39224449068796057E-003       1       1       1       1       2       2
  -0.38331535505685249E-004       1       1       1       1       3       3
  -0.38331535505685256E-004       1       1       1       1       4       4
  -0.38331535505685323E-004       1       1       1       1       5       5
   0.74155428787301114E-004       1       1       1       2       2       2
  -0.22020912706063447E-005       1       1       1       2       3       3
  -0.22020912706063400E-005       1       1       1       2       4       4
  -0.22020912706063379E-005       1       1       1       2       5       5
  -0.45410648072986110E-003       1       1       2       1       1       2
  -0.13888512547288452E-003       1       1       2       1       2       2
  -0.22960375751516562E-004       1       1       2       1       3       3
  -0.22960375751516562E-004       1       1       2       1       4       4
  -0.22960375751516636E-004       1       1       2       1       5       5
   0.35583183214453714E-004       1       1       2       2       2       2
  -0.16426829462890796E-004       1       1       2       2       3       3
  -0.16426829462890833E-004       1       1       2       2       4       4
  -0.16426829462890789E-004       1       1       2       2       5       5
  -0.20801193937310475E-004       1       1       2       3       3       2
  -0.20801193937310475E-004       1       1       2       4       4       2
  -0.20801193937310458E-004       1       1       2       5       5       2
  -0.19231492511180732E-003       1       1       3       1       1       3
  -0.18730600194823491E-003       1       1       3       1       2       3
   0.45396447874955503E-004       1       1       3       2       2       3
  -0.32107663243204948E-004       1       1       3       3       3       3
  -0.69414190120976427E-005       1       1       3       3       4       4
  -0.69414190120976477E-005       1       1       3       3       5       5
  -0.18222766056428638E-004       1       1       3       4       4       3
  -0.18222766056428642E-004       1       1       3       5       5       3
  -0.19231492511180963E-003       1       1       4       1       1       4
  -0.18730600194823474E-003       1       1       4       1       2       4
   0.45396447874955476E-004       1       1       4       2       2       4
  -0.18222766056428625E-004       1       1       4       3       3       4
  -0.32107663243204968E-004       1       1       4       4       4       4
  -0.69414190120976494E-005       1       1       4       4       5       5
  -0.18222766056428642E-004       1       1       4       5       5       4
  -0.19231492511181310E-003       1       1       5       1       1       5
  -0.18730600194823496E-003       1       1       5       1       2       5
   0.45396447874955503E-004       1       1       5       2       2       5
  -0.18222766056428635E-004       1       1       5       3       3       5
  -0.18222766056428635E-004       1       1       5       4       4       5
  -0.32107663243204961E-004       1       1       5       5       5       5
  -0.68686368410604309E-003       1       2       2       1       2       2
  -0.14596203410740288E-003       1       2       2       1       3       3
  -0.14596203410740236E-003       1       2       2       1       4       4
  -0.14596203410740220E-003       1       2       2       1       5       5
   0.44586598484217666E-004       1       2       2       2       2       2
  -0.41771453649499019E-004       1       2       2       2       3       3
  -0.41771453649499066E-004       1       2       2       2       4       4
  -0.41771453649499060E-004       1       2       2       2       5       5
  -0.66566048467687667E-004       1       2       2       3       2       3
  -0.66566048467687653E-004       1       2       2       4       2       4
  -0.66566048467687653E-004       1       2       2       5       2       5
  -0.73850893115384004E-003       1       2       3       1       2       3
   0.50572697249512077E-004       1       2       3       2       2       3
  -0.91609073838636983E-004       1       2       3       3       3       3
  -0.14916387686418400E-004       1       2       3       3       4       4
  -0.14916387686418388E-004       1       2       3       3       5       5
  -0.14916387686418408E-004       1       2       3       4       3       4
  -0.61772339204785914E-004       1       2       3       4       4       3
  -0.14916387686418424E-004       1       2       3       5       3       5
  -0.61772339204785927E-004       1       2       3       5       5       3
  -0.73850893115383971E-003       1       2       4       1       2       4
   0.50572697249512097E-004       1       2       4       2       2       4
  -0.61772339204785914E-004       1       2       4       3       3       4
  -0.91609073838637038E-004       1       2       4       4       4       4
  -0.14916387686418395E-004       1       2       4       4       5       5
  -0.14916387686418417E-004       1       2       4       5       4       5
  -0.61772339204785927E-004       1       2       4       5       5       4
  -0.73850893115384015E-003       1       2       5       1       2       5
   0.50572697249512125E-004       1       2       5       2       2       5
  -0.61772339204785954E-004       1       2       5       3       3       5
  -0.61772339204785927E-004       1       2       5       4       4       5
  -0.91609073838637024E-004       1       2       5       5       5       5
  -0.66862344920169214E-003       1       3       3       1       3       3
   0.94397193888699798E-004       1       3       3       1       4       4
   0.94397193888699784E-004       1       3       3       1       5       5
   0.41645070787978166E-004       1       3       3       2       3       3
  -0.12247421219881017E-004       1       3       3       2       4       4
  -0.12247421219881025E-004       1       3       3       2       5       5
  -0.85748004147060569E-003       1       3       4       1       3       4
   0.66147544283400389E-004       1       3       4       2       3       4
  -0.85748004147060590E-003       1       3       5       1       3       5
   0.66147544283400294E-004       1       3       5       2       3       5
  -0.66862344920169290E-003       1       4       4       1       4       4
   0.94397193888699825E-004       1       4       4       1       5       5
   0.41645070787978200E-004       1       4       4       2       4       4
  -0.12247421219881030E-004       1       4       4       2       5       5
  -0.85748004147060569E-003       1       4       5       1       4       5
   0.66147544283400402E-004       1       4       5       2       4       5
  -0.66862344920169312E-003       1       5       5       1       5       5
   0.41645070787978112E-004       1       5       5       2       5       5
  -0.72324122146028014E-003       2       2       2       2       2       2
  -0.47140605186128367E-003       2       2       2       2       3       3
  -0.47140605186128372E-003       2       2       2       2       4       4
  -0.47140605186128345E-003       2       2       2       2       5       5
  -0.70034417392682605E-003       2       2       3       2       2       3
  -0.66442862027693789E-003       2       2       3       3       3       3
  -0.14425859465870764E-003       2       2       3       3       4       4
  -0.14425859465870775E-003       2       2       3       3       5       5
  -0.37583501642271110E-003       2       2       3       4       4       3
  -0.37583501642271083E-003       2       2       3       5       5       3
  -0.70034417392682616E-003       2       2       4       2       2       4
  -0.37583501642271132E-003       2       2       4       3       3       4
  -0.66442862027693876E-003       2       2       4       4       4       4
  -0.14425859465870764E-003       2       2       4       4       5       5
  -0.37583501642271110E-003       2       2       4       5       5       4
  -0.70034417392682573E-003       2       2       5       2       2       5
  -0.37583501642271110E-003       2       2       5       3       3       5
  -0.37583501642271126E-003       2       2       5       4       4       5
  -0.66442862027693843E-003       2       2       5       5       5       5
  -0.81050398864210456E-003       2       3       3       2       3       3
  -0.98599147141748285E-004       2       3       3       2       4       4
  -0.98599147141748217E-004       2       3       3       2       5       5
  -0.61322524396201575E-003       2       3       4       2       3       4
  -0.61322524396201542E-003       2       3       5       2       3       5
  -0.81050398864210478E-003       2       4       4       2       4       4
  -0.98599147141748231E-004       2       4       4       2       5       5
  -0.61322524396201553E-003       2       4       5       2       4       5
  -0.81050398864210478E-003       2       5       5       2       5       5
  -0.11019476509858180E-002       3       3       3       3       3       3
  -0.11961966814692832E-003       3       3       3       3       4       4
  -0.11961966814692827E-003       3       3       3       3       5       5
  -0.62328313348894351E-003       3       3       4       3       3       4
  -0.11961966814692828E-003       3       3       4       4       4       4
  -0.39776974999886674E-004       3       3       4       4       5       5
  -0.40041491233354956E-004       3       3       4       5       5       4
  -0.62328313348894318E-003       3       3       5       3       3       5
  -0.40041491233354963E-004       3       3       5       4       4       5
  -0.11961966814692825E-003       3       3       5       5       5       5
  -0.62328313348894383E-003       3       4       4       3       4       4
  -0.40041491233354970E-004       3       4       4       3       5       5
  -0.54315886103914663E-003       3       4       5       3       4       5
  -0.62328313348894362E-003       3       5       5       3       5       5
  -0.11019476509858189E-002       4       4       4       4       4       4
  -0.11961966814692828E-003       4       4       4       4       5       5
  -0.62328313348894351E-003       4       4       5       4       4       5
  -0.11961966814692828E-003       4       4       5       5       5       5
  -0.62328313348894351E-003       4       5       5       4       5       5
  -0.11019476509858176E-002       5       5       5       5       5       5
