           5
  -0.13020908018212738E-001       1       1       1       1       1       1
   0.21212680218521372E-002       1       1       1       1       1       2
  -0.38332522591824392E-003       1       1       1       1       2       2
  -0.38067808227761403E-004       1       1       1       1       3       3
  -0.38067808227761437E-004       1       1       1       1       4       4
  -0.38067808227761505E-004       1       1       1       1       5       5
   0.72692178408179981E-004       1       1       1       2       2       2
  -0.17428935842740690E-005       1       1       1       2       3       3
  -0.17428935842740623E-005       1       1       1       2       4       4
  -0.17428935842740781E-005       1       1       1       2       5       5
  -0.63401292900560973E-003       1       1       2       1       1       2
  -0.13377963581656660E-003       1       1       2       1       2       2
  -0.25660441270271566E-004       1       1       2       1       3       3
  -0.25660441270271654E-004       1       1       2       1       4       4
  -0.25660441270271437E-004       1       1       2       1       5       5
   0.35422417220104345E-004       1       1       2       2       2       2
  -0.14678418051971215E-004       1       1       2       2       3       3
  -0.14678418051971239E-004       1       1       2       2       4       4
  -0.14678418051971202E-004       1       1       2       2       5       5
  -0.19316936843191277E-004       1       1       2       3       3       2
  -0.19316936843191287E-004       1       1       2       4       4       2
  -0.19316936843191290E-004       1       1       2       5       5       2
  -0.36033810541934104E-003       1       1       3       1       1       3
  -0.18207016801859992E-003       1       1       3       1       2       3
   0.45079143296394322E-004       1       1       3       2       2       3
  -0.29549335673411753E-004       1       1       3       3       3       3
  -0.62440736819398709E-005       1       1       3       3       4       4
  -0.62440736819398794E-005       1       1       3       3       5       5
  -0.17059272065559684E-004       1       1       3       4       4       3
  -0.17059272065559687E-004       1       1       3       5       5       3
  -0.36033810541934017E-003       1       1       4       1       1       4
  -0.18207016801859960E-003       1       1       4       1       2       4
   0.45079143296394315E-004       1       1       4       2       2       4
  -0.17059272065559691E-004       1       1       4       3       3       4
  -0.29549335673411760E-004       1       1       4       4       4       4
  -0.62440736819398828E-005       1       1       4       4       5       5
  -0.17059272065559684E-004       1       1       4       5       5       4
  -0.36033810541934044E-003       1       1       5       1       1       5
  -0.18207016801859979E-003       1       1       5       1       2       5
   0.45079143296394349E-004       1       1       5       2       2       5
  -0.17059272065559701E-004       1       1       5       3       3       5
  -0.17059272065559704E-004       1       1       5       4       4       5
  -0.29549335673411753E-004       1       1       5       5       5       5
  -0.76694490105108952E-003       1       2       2       1       2       2
  -0.11262513432158943E-003       1       2       2       1       3       3
  -0.11262513432158916E-003       1       2       2       1       4       4
  -0.11262513432158917E-003       1       2       2       1       5       5
   0.44594982235127456E-004       1       2       2       2       2       2
  -0.38131821011639334E-004       1       2       2       2       3       3
  -0.38131821011639361E-004       1       2       2       2       4       4
  -0.38131821011639375E-004       1       2       2       2       5       5
  -0.60831779591570147E-004       1       2       2       3       2       3
  -0.60831779591570119E-004       1       2       2       4       2       4
  -0.60831779591570133E-004       1       2       2       5       2       5
  -0.82199348923407797E-003       1       2       3       1       2       3
   0.50802044411343830E-004       1       2       3       2       2       3
  -0.82746029058056143E-004       1       2       3       3       3       3
  -0.12815716870018498E-004       1       2       3       3       4       4
  -0.12815716870018493E-004       1       2       3       3       5       5
  -0.12815716870018486E-004       1       2       3       4       3       4
  -0.57110959007004763E-004       1       2       3       4       4       3
  -0.12815716870018481E-004       1       2       3       5       3       5
  -0.57110959007004810E-004       1       2       3       5       5       3
  -0.82199348923407863E-003       1       2       4       1       2       4
   0.50802044411343797E-004       1       2       4       2       2       4
  -0.57110959007004736E-004       1       2       4       3       3       4
  -0.82746029058056197E-004       1       2       4       4       4       4
  -0.12815716870018493E-004       1       2       4       4       5       5
  -0.12815716870018486E-004       1       2       4       5       4       5
  -0.57110959007004885E-004       1       2       4       5       5       4
  -0.82199348923407830E-003       1       2       5       1       2       5
   0.50802044411343857E-004       1       2       5       2       2       5
  -0.57110959007004810E-004       1       2       5       3       3       5
  -0.57110959007004817E-004       1       2       5       4       4       5
  -0.82746029058056237E-004       1       2       5       5       5       5
  -0.76042809821149173E-003       1       3       3       1       3       3
   0.89991726774482487E-004       1       3       3       1       4       4
   0.89991726774482351E-004       1       3       3       1       5       5
   0.43521204374505071E-004       1       3       3       2       3       3
  -0.11119304283039800E-004       1       3       3       2       4       4
  -0.11119304283039800E-004       1       3       3       2       5       5
  -0.94047258674072385E-003       1       3       4       1       3       4
   0.65766988133069136E-004       1       3       4       2       3       4
  -0.94047258674072331E-003       1       3       5       1       3       5
   0.65766988133069028E-004       1       3       5       2       3       5
  -0.76042809821149173E-003       1       4       4       1       4       4
   0.89991726774482406E-004       1       4       4       1       5       5
   0.43521204374505050E-004       1       4       4       2       4       4
  -0.11119304283039800E-004       1       4       4       2       5       5
  -0.94047258674072331E-003       1       4       5       1       4       5
   0.65766988133069082E-004       1       4       5       2       4       5
  -0.76042809821149217E-003       1       5       5       1       5       5
   0.43521204374505023E-004       1       5       5       2       5       5
  -0.83260831027925160E-003       2       2       2       2       2       2
  -0.44450684718563870E-003       2       2       2       2       3       3
  -0.44450684718563881E-003       2       2       2       2       4       4
  -0.44450684718563848E-003       2       2       2       2       5       5
  -0.80798869590960646E-003       2       2       3       2       2       3
  -0.61852120842573752E-003       2       2       3       3       3       3
  -0.13156193184396195E-003       2       2       3       3       4       4
  -0.13156193184396206E-003       2       2       3       3       5       5
  -0.35532290501228141E-003       2       2       3       4       4       3
  -0.35532290501228119E-003       2       2       3       5       5       3
  -0.80798869590960614E-003       2       2       4       2       2       4
  -0.35532290501228119E-003       2       2       4       3       3       4
  -0.61852120842573752E-003       2       2       4       4       4       4
  -0.13156193184396206E-003       2       2       4       4       5       5
  -0.35532290501228103E-003       2       2       4       5       5       4
  -0.80798869590960592E-003       2       2       5       2       2       5
  -0.35532290501228108E-003       2       2       5       3       3       5
  -0.35532290501228103E-003       2       2       5       4       4       5
  -0.61852120842573741E-003       2       2       5       5       5       5
  -0.90933401374084476E-003       2       3       3       2       3       3
  -0.93134578844820986E-004       2       3       3       2       4       4
  -0.93134578844820972E-004       2       3       3       2       5       5
  -0.72298562077129785E-003       2       3       4       2       3       4
  -0.72298562077129807E-003       2       3       5       2       3       5
  -0.90933401374084454E-003       2       4       4       2       4       4
  -0.93134578844820972E-004       2       4       4       2       5       5
  -0.72298562077129807E-003       2       4       5       2       4       5
  -0.90933401374084400E-003       2       5       5       2       5       5
  -0.11780400017348635E-002       3       3       3       3       3       3
  -0.11158240442261222E-003       3       3       3       3       4       4
  -0.11158240442261226E-003       3       3       3       3       5       5
  -0.73152896693184379E-003       3       3       4       3       3       4
  -0.11158240442261222E-003       3       3       4       4       4       4
  -0.35849622687019462E-004       3       3       4       4       5       5
  -0.39860325558734093E-004       3       3       4       5       5       4
  -0.73152896693184314E-003       3       3       5       3       3       5
  -0.39860325558734039E-004       3       3       5       4       4       5
  -0.11158240442261231E-003       3       3       5       5       5       5
  -0.73152896693184368E-003       3       4       4       3       4       4
  -0.39860325558734079E-004       3       4       4       3       5       5
  -0.65176647412763735E-003       3       4       5       3       4       5
  -0.73152896693184314E-003       3       5       5       3       5       5
  -0.11780400017348633E-002       4       4       4       4       4       4
  -0.11158240442261226E-003       4       4       4       4       5       5
  -0.73152896693184336E-003       4       4       5       4       4       5
  -0.11158240442261226E-003       4       4       5       5       5       5
  -0.73152896693184336E-003       4       5       5       4       5       5
  -0.11780400017348635E-002       5       5       5       5       5       5
