           5
  -0.14045546489225923E-001       1       1       1       1       1       1
   0.22740450476857813E-002       1       1       1       1       1       2
  -0.40714150769752277E-003       1       1       1       1       2       2
  -0.35137495642879345E-004       1       1       1       1       3       3
  -0.35137495642879318E-004       1       1       1       1       4       4
  -0.35137495642879284E-004       1       1       1       1       5       5
   0.76510769675645088E-004       1       1       1       2       2       2
  -0.24687678501642901E-005       1       1       1       2       3       3
  -0.24687678501642990E-005       1       1       1       2       4       4
  -0.24687678501642833E-005       1       1       1       2       5       5
  -0.48810912758732685E-003       1       1       2       1       1       2
  -0.14623887627270861E-003       1       1       2       1       2       2
  -0.18743271237791985E-004       1       1       2       1       3       3
  -0.18743271237792094E-004       1       1       2       1       4       4
  -0.18743271237791406E-004       1       1       2       1       5       5
   0.36412065453818272E-004       1       1       2       2       2       2
  -0.16408189337963181E-004       1       1       2       2       3       3
  -0.16408189337963208E-004       1       1       2       2       4       4
  -0.16408189337963151E-004       1       1       2       2       5       5
  -0.20144304109520127E-004       1       1       2       3       3       2
  -0.20144304109520110E-004       1       1       2       4       4       2
  -0.20144304109520100E-004       1       1       2       5       5       2
  -0.21117213581257378E-003       1       1       3       1       1       3
  -0.19606121564146441E-003       1       1       3       1       2       3
   0.46412867564917735E-004       1       1       3       2       2       3
  -0.31130700094820978E-004       1       1       3       3       3       3
  -0.67182808073475148E-005       1       1       3       3       4       4
  -0.67182808073475106E-005       1       1       3       3       5       5
  -0.17692110120911738E-004       1       1       3       4       4       3
  -0.17692110120911731E-004       1       1       3       5       5       3
  -0.21117213581257348E-003       1       1       4       1       1       4
  -0.19606121564146424E-003       1       1       4       1       2       4
   0.46412867564917742E-004       1       1       4       2       2       4
  -0.17692110120911734E-004       1       1       4       3       3       4
  -0.31130700094820964E-004       1       1       4       4       4       4
  -0.67182808073474987E-005       1       1       4       4       5       5
  -0.17692110120911727E-004       1       1       4       5       5       4
  -0.21117213581257262E-003       1       1       5       1       1       5
  -0.19606121564146422E-003       1       1       5       1       2       5
   0.46412867564917722E-004       1       1       5       2       2       5
  -0.17692110120911738E-004       1       1       5       3       3       5
  -0.17692110120911731E-004       1       1       5       4       4       5
  -0.31130700094820991E-004       1       1       5       5       5       5
  -0.71330279012414100E-003       1       2       2       1       2       2
  -0.13897795089880198E-003       1       2       2       1       3       3
  -0.13897795089880174E-003       1       2       2       1       4       4
  -0.13897795089880168E-003       1       2       2       1       5       5
   0.45393040655751224E-004       1       2       2       2       2       2
  -0.40038577104447020E-004       1       2       2       2       3       3
  -0.40038577104447026E-004       1       2       2       2       4       4
  -0.40038577104446999E-004       1       2       2       2       5       5
  -0.64946831548369046E-004       1       2       2       3       2       3
  -0.64946831548369060E-004       1       2       2       4       2       4
  -0.64946831548369046E-004       1       2       2       5       2       5
  -0.76885886971092749E-003       1       2       3       1       2       3
   0.51293330010275290E-004       1       2       3       2       2       3
  -0.89068381437086406E-004       1       2       3       3       3       3
  -0.14344485993464505E-004       1       2       3       3       4       4
  -0.14344485993464473E-004       1       2       3       3       5       5
  -0.14344485993464493E-004       1       2       3       4       3       4
  -0.60375466972599482E-004       1       2       3       4       4       3
  -0.14344485993464470E-004       1       2       3       5       3       5
  -0.60375466972599468E-004       1       2       3       5       5       3
  -0.76885886971092749E-003       1       2       4       1       2       4
   0.51293330010275331E-004       1       2       4       2       2       4
  -0.60375466972599495E-004       1       2       4       3       3       4
  -0.89068381437086393E-004       1       2       4       4       4       4
  -0.14344485993464476E-004       1       2       4       4       5       5
  -0.14344485993464463E-004       1       2       4       5       4       5
  -0.60375466972599468E-004       1       2       4       5       5       4
  -0.76885886971092771E-003       1       2       5       1       2       5
   0.51293330010275378E-004       1       2       5       2       2       5
  -0.60375466972599522E-004       1       2       5       3       3       5
  -0.60375466972599475E-004       1       2       5       4       4       5
  -0.89068381437086406E-004       1       2       5       5       5       5
  -0.68944337581388845E-003       1       3       3       1       3       3
   0.10413371268950622E-003       1       3       3       1       4       4
   0.10413371268950589E-003       1       3       3       1       5       5
   0.42326878637310764E-004       1       3       3       2       3       3
  -0.12220509709255507E-004       1       3       3       2       4       4
  -0.12220509709255494E-004       1       3       3       2       5       5
  -0.89777803941703453E-003       1       3       4       1       3       4
   0.66775630743158614E-004       1       3       4       2       3       4
  -0.89777803941703486E-003       1       3       5       1       3       5
   0.66775630743158722E-004       1       3       5       2       3       5
  -0.68944337581388758E-003       1       4       4       1       4       4
   0.10413371268950581E-003       1       4       4       1       5       5
   0.42326878637310764E-004       1       4       4       2       4       4
  -0.12220509709255494E-004       1       4       4       2       5       5
  -0.89777803941703529E-003       1       4       5       1       4       5
   0.66775630743158695E-004       1       4       5       2       4       5
  -0.68944337581388834E-003       1       5       5       1       5       5
   0.42326878637310926E-004       1       5       5       2       5       5
  -0.69614724599566789E-003       2       2       2       2       2       2
  -0.46660675685923208E-003       2       2       2       2       3       3
  -0.46660675685923181E-003       2       2       2       2       4       4
  -0.46660675685923186E-003       2       2       2       2       5       5
  -0.67599214687967242E-003       2       2       3       2       2       3
  -0.65958494840596277E-003       2       2       3       3       3       3
  -0.14492601115217405E-003       2       2       3       3       4       4
  -0.14492601115217394E-003       2       2       3       3       5       5
  -0.36965463644857328E-003       2       2       3       4       4       3
  -0.36965463644857317E-003       2       2       3       5       5       3
  -0.67599214687967253E-003       2       2       4       2       2       4
  -0.36965463644857339E-003       2       2       4       3       3       4
  -0.65958494840596244E-003       2       2       4       4       4       4
  -0.14492601115217391E-003       2       2       4       4       5       5
  -0.36965463644857317E-003       2       2       4       5       5       4
  -0.67599214687967242E-003       2       2       5       2       2       5
  -0.36965463644857328E-003       2       2       5       3       3       5
  -0.36965463644857317E-003       2       2       5       4       4       5
  -0.65958494840596233E-003       2       2       5       5       5       5
  -0.78864129121777025E-003       2       3       3       2       3       3
  -0.98327135472530664E-004       2       3       3       2       4       4
  -0.98327135472530623E-004       2       3       3       2       5       5
  -0.59190514042481998E-003       2       3       4       2       3       4
  -0.59190514042481955E-003       2       3       5       2       3       5
  -0.78864129121777003E-003       2       4       4       2       4       4
  -0.98327135472530609E-004       2       4       4       2       5       5
  -0.59190514042481955E-003       2       4       5       2       4       5
  -0.78864129121776917E-003       2       5       5       2       5       5
  -0.10817327056420931E-002       3       3       3       3       3       3
  -0.11942314771597390E-003       3       3       3       3       4       4
  -0.11942314771597390E-003       3       3       3       3       5       5
  -0.60384937122433128E-003       3       3       4       3       3       4
  -0.11942314771597386E-003       3       3       4       4       4       4
  -0.40737432713881707E-004       3       3       4       4       5       5
  -0.37923915004190766E-004       3       3       4       5       5       4
  -0.60384937122433106E-003       3       3       5       3       3       5
  -0.37923915004190806E-004       3       3       5       4       4       5
  -0.11942314771597390E-003       3       3       5       5       5       5
  -0.60384937122433171E-003       3       4       4       3       4       4
  -0.37923915004190759E-004       3       4       4       3       5       5
  -0.52796185323850033E-003       3       4       5       3       4       5
  -0.60384937122433106E-003       3       5       5       3       5       5
  -0.10817327056420931E-002       4       4       4       4       4       4
  -0.11942314771597392E-003       4       4       4       4       5       5
  -0.60384937122433171E-003       4       4       5       4       4       5
  -0.11942314771597392E-003       4       4       5       5       5       5
  -0.60384937122433128E-003       4       5       5       4       5       5
  -0.10817327056420929E-002       5       5       5       5       5       5
