           5
  -0.15365491181869835E-001       1       1       1       1       1       1
   0.24564054464594649E-002       1       1       1       1       1       2
  -0.43383505131240196E-003       1       1       1       1       2       2
  -0.31544692632961282E-004       1       1       1       1       3       3
  -0.31544692632961302E-004       1       1       1       1       4       4
  -0.31544692632961282E-004       1       1       1       1       5       5
   0.80602207544559716E-004       1       1       1       2       2       2
  -0.30494732795945285E-005       1       1       1       2       3       3
  -0.30494732795945082E-005       1       1       1       2       4       4
  -0.30494732795945103E-005       1       1       1       2       5       5
  -0.38231828711592748E-003       1       1       2       1       1       2
  -0.16311049190782920E-003       1       1       2       1       2       2
  -0.14678545174445980E-004       1       1       2       1       3       3
  -0.14678545174446451E-004       1       1       2       1       4       4
  -0.14678545174446053E-004       1       1       2       1       5       5
   0.38769035866138721E-004       1       1       2       2       2       2
  -0.17188675885046792E-004       1       1       2       2       3       3
  -0.17188675885046782E-004       1       1       2       2       4       4
  -0.17188675885046778E-004       1       1       2       2       5       5
  -0.20837510847171751E-004       1       1       2       3       3       2
  -0.20837510847171758E-004       1       1       2       4       4       2
  -0.20837510847171751E-004       1       1       2       5       5       2
  -0.10295328440873899E-003       1       1       3       1       1       3
  -0.21383324087923737E-003       1       1       3       1       2       3
   0.48994057344534793E-004       1       1       3       2       2       3
  -0.31695696921218340E-004       1       1       3       3       3       3
  -0.66054203137145102E-005       1       1       3       3       4       4
  -0.66054203137145229E-005       1       1       3       3       5       5
  -0.18482881372483891E-004       1       1       3       4       4       3
  -0.18482881372483874E-004       1       1       3       5       5       3
  -0.10295328440873609E-003       1       1       4       1       1       4
  -0.21383324087923778E-003       1       1       4       1       2       4
   0.48994057344534949E-004       1       1       4       2       2       4
  -0.18482881372483884E-004       1       1       4       3       3       4
  -0.31695696921218340E-004       1       1       4       4       4       4
  -0.66054203137145195E-005       1       1       4       4       5       5
  -0.18482881372483864E-004       1       1       4       5       5       4
  -0.10295328440873841E-003       1       1       5       1       1       5
  -0.21383324087923780E-003       1       1       5       1       2       5
   0.48994057344534766E-004       1       1       5       2       2       5
  -0.18482881372483870E-004       1       1       5       3       3       5
  -0.18482881372483877E-004       1       1       5       4       4       5
  -0.31695696921218327E-004       1       1       5       5       5       5
  -0.77165311605590704E-003       1       2       2       1       2       2
  -0.14526440185228860E-003       1       2       2       1       3       3
  -0.14526440185228879E-003       1       2       2       1       4       4
  -0.14526440185228768E-003       1       2       2       1       5       5
   0.46557557316796989E-004       1       2       2       2       2       2
  -0.38784956910828421E-004       1       2       2       2       3       3
  -0.38784956910828421E-004       1       2       2       2       4       4
  -0.38784956910828381E-004       1       2       2       2       5       5
  -0.65989103339430608E-004       1       2       2       3       2       3
  -0.65989103339430581E-004       1       2       2       4       2       4
  -0.65989103339430567E-004       1       2       2       5       2       5
  -0.82551120685645017E-003       1       2       3       1       2       3
   0.52508994823866567E-004       1       2       3       2       2       3
  -0.89681017854301910E-004       1       2       3       3       3       3
  -0.13970847363004428E-004       1       2       3       3       4       4
  -0.13970847363004447E-004       1       2       3       3       5       5
  -0.13970847363004442E-004       1       2       3       4       3       4
  -0.61735548028301739E-004       1       2       3       4       4       3
  -0.13970847363004444E-004       1       2       3       5       3       5
  -0.61735548028301793E-004       1       2       3       5       5       3
  -0.82551120685645017E-003       1       2       4       1       2       4
   0.52508994823866574E-004       1       2       4       2       2       4
  -0.61735548028301766E-004       1       2       4       3       3       4
  -0.89681017854301951E-004       1       2       4       4       4       4
  -0.13970847363004464E-004       1       2       4       4       5       5
  -0.13970847363004430E-004       1       2       4       5       4       5
  -0.61735548028301807E-004       1       2       4       5       5       4
  -0.82551120685645072E-003       1       2       5       1       2       5
   0.52508994823866601E-004       1       2       5       2       2       5
  -0.61735548028301793E-004       1       2       5       3       3       5
  -0.61735548028301753E-004       1       2       5       4       4       5
  -0.89681017854301815E-004       1       2       5       5       5       5
  -0.73798185089674637E-003       1       3       3       1       3       3
   0.10923254413516687E-003       1       3       3       1       4       4
   0.10923254413516664E-003       1       3       3       1       5       5
   0.43435345706044798E-004       1       3       3       2       3       3
  -0.12376595839105912E-004       1       3       3       2       4       4
  -0.12376595839105919E-004       1       3       3       2       5       5
  -0.95650915712405208E-003       1       3       4       1       3       4
   0.68195987974205613E-004       1       3       4       2       3       4
  -0.95650915712405164E-003       1       3       5       1       3       5
   0.68195987974205627E-004       1       3       5       2       3       5
  -0.73798185089674648E-003       1       4       4       1       4       4
   0.10923254413516657E-003       1       4       4       1       5       5
   0.43435345706044825E-004       1       4       4       2       4       4
  -0.12376595839105921E-004       1       4       4       2       5       5
  -0.95650915712405208E-003       1       4       5       1       4       5
   0.68195987974205681E-004       1       4       5       2       4       5
  -0.73798185089674637E-003       1       5       5       1       5       5
   0.43435345706045042E-004       1       5       5       2       5       5
  -0.72937847341164879E-003       2       2       2       2       2       2
  -0.44670190724174671E-003       2       2       2       2       3       3
  -0.44670190724174671E-003       2       2       2       2       4       4
  -0.44670190724174687E-003       2       2       2       2       5       5
  -0.71012436054106740E-003       2       2       3       2       2       3
  -0.63167784458368183E-003       2       2       3       3       3       3
  -0.13822068001793778E-003       2       2       3       3       4       4
  -0.13822068001793778E-003       2       2       3       3       5       5
  -0.35516008116265752E-003       2       2       3       4       4       3
  -0.35516008116265720E-003       2       2       3       5       5       3
  -0.71012436054106697E-003       2       2       4       2       2       4
  -0.35516008116265736E-003       2       2       4       3       3       4
  -0.63167784458368183E-003       2       2       4       4       4       4
  -0.13822068001793773E-003       2       2       4       4       5       5
  -0.35516008116265736E-003       2       2       4       5       5       4
  -0.71012436054106675E-003       2       2       5       2       2       5
  -0.35516008116265741E-003       2       2       5       3       3       5
  -0.35516008116265741E-003       2       2       5       4       4       5
  -0.63167784458368183E-003       2       2       5       5       5       5
  -0.82007710267138789E-003       2       3       3       2       3       3
  -0.95761324775204499E-004       2       3       3       2       4       4
  -0.95761324775204458E-004       2       3       3       2       5       5
  -0.62847362031031098E-003       2       3       4       2       3       4
  -0.62847362031031077E-003       2       3       5       2       3       5
  -0.82007710267138821E-003       2       4       4       2       4       4
  -0.95761324775204431E-004       2       4       4       2       5       5
  -0.62847362031031109E-003       2       4       5       2       4       5
  -0.82007710267138767E-003       2       5       5       2       5       5
  -0.11054071786268174E-002       3       3       3       3       3       3
  -0.11634062268622974E-003       3       3       3       3       4       4
  -0.11634062268622977E-003       3       3       3       3       5       5
  -0.63985703878267507E-003       3       3       4       3       3       4
  -0.11634062268622974E-003       3       3       4       4       4       4
  -0.40073321670733162E-004       3       3       4       4       5       5
  -0.36170495849357939E-004       3       3       4       5       5       4
  -0.63985703878267517E-003       3       3       5       3       3       5
  -0.36170495849357966E-004       3       3       5       4       4       5
  -0.11634062268622966E-003       3       3       5       5       5       5
  -0.63985703878267496E-003       3       4       4       3       4       4
  -0.36170495849357912E-004       3       4       4       3       5       5
  -0.56747575162750981E-003       3       4       5       3       4       5
  -0.63985703878267517E-003       3       5       5       3       5       5
  -0.11054071786268170E-002       4       4       4       4       4       4
  -0.11634062268622969E-003       4       4       4       4       5       5
  -0.63985703878267572E-003       4       4       5       4       4       5
  -0.11634062268622962E-003       4       4       5       5       5       5
  -0.63985703878267517E-003       4       5       5       4       5       5
  -0.11054071786268159E-002       5       5       5       5       5       5
