           5
  -0.14514458424592914E-001       1       1       1       1       1       1
   0.23052847496675259E-002       1       1       1       1       1       2
  -0.40790432290936489E-003       1       1       1       1       2       2
  -0.35122155627820730E-004       1       1       1       1       3       3
  -0.35122155627820696E-004       1       1       1       1       4       4
  -0.35122155627820628E-004       1       1       1       1       5       5
   0.76321117097682113E-004       1       1       1       2       2       2
  -0.25049864985172734E-005       1       1       1       2       3       3
  -0.25049864985172666E-005       1       1       1       2       4       4
  -0.25049864985172420E-005       1       1       1       2       5       5
  -0.46855510149654739E-003       1       1       2       1       1       2
  -0.14692982120499993E-003       1       1       2       1       2       2
  -0.17892918348823240E-004       1       1       2       1       3       3
  -0.17892918348823420E-004       1       1       2       1       4       4
  -0.17892918348823420E-004       1       1       2       1       5       5
   0.36057905882690811E-004       1       1       2       2       2       2
  -0.16114406709969866E-004       1       1       2       2       3       3
  -0.16114406709969859E-004       1       1       2       2       4       4
  -0.16114406709969822E-004       1       1       2       2       5       5
  -0.20177163294633329E-004       1       1       2       3       3       2
  -0.20177163294633315E-004       1       1       2       4       4       2
  -0.20177163294633302E-004       1       1       2       5       5       2
  -0.20566823137876884E-003       1       1       3       1       1       3
  -0.19523701763784693E-003       1       1       3       1       2       3
   0.45945622678964747E-004       1       1       3       2       2       3
  -0.31045928089567571E-004       1       1       3       3       3       3
  -0.66197053860929612E-005       1       1       3       3       4       4
  -0.66197053860929595E-005       1       1       3       3       5       5
  -0.17804576096708127E-004       1       1       3       4       4       3
  -0.17804576096708137E-004       1       1       3       5       5       3
  -0.20566823137876944E-003       1       1       4       1       1       4
  -0.19523701763784714E-003       1       1       4       1       2       4
   0.45945622678964802E-004       1       1       4       2       2       4
  -0.17804576096708133E-004       1       1       4       3       3       4
  -0.31045928089567531E-004       1       1       4       4       4       4
  -0.66197053860929663E-005       1       1       4       4       5       5
  -0.17804576096708140E-004       1       1       4       5       5       4
  -0.20566823137876971E-003       1       1       5       1       1       5
  -0.19523701763784720E-003       1       1       5       1       2       5
   0.45945622678964808E-004       1       1       5       2       2       5
  -0.17804576096708133E-004       1       1       5       3       3       5
  -0.17804576096708127E-004       1       1       5       4       4       5
  -0.31045928089567517E-004       1       1       5       5       5       5
  -0.80683467096674373E-003       1       2       2       1       2       2
  -0.13145185849504045E-003       1       2       2       1       3       3
  -0.13145185849504040E-003       1       2       2       1       4       4
  -0.13145185849504067E-003       1       2       2       1       5       5
   0.45340523740961058E-004       1       2       2       2       2       2
  -0.38009906777771903E-004       1       2       2       2       3       3
  -0.38009906777771869E-004       1       2       2       2       4       4
  -0.38009906777771883E-004       1       2       2       2       5       5
  -0.61083542001197339E-004       1       2       2       3       2       3
  -0.61083542001197326E-004       1       2       2       4       2       4
  -0.61083542001197326E-004       1       2       2       5       2       5
  -0.85612921821517365E-003       1       2       3       1       2       3
   0.51035965742231615E-004       1       2       3       2       2       3
  -0.83024759573535183E-004       1       2       3       3       3       3
  -0.12681837849349603E-004       1       2       3       3       4       4
  -0.12681837849349588E-004       1       2       3       3       5       5
  -0.12681837849349608E-004       1       2       3       4       3       4
  -0.57657583815822001E-004       1       2       3       4       4       3
  -0.12681837849349610E-004       1       2       3       5       3       5
  -0.57657583815822014E-004       1       2       3       5       5       3
  -0.85612921821517376E-003       1       2       4       1       2       4
   0.51035965742231683E-004       1       2       4       2       2       4
  -0.57657583815821994E-004       1       2       4       3       3       4
  -0.83024759573535115E-004       1       2       4       4       4       4
  -0.12681837849349595E-004       1       2       4       4       5       5
  -0.12681837849349598E-004       1       2       4       5       4       5
  -0.57657583815821987E-004       1       2       4       5       5       4
  -0.85612921821517365E-003       1       2       5       1       2       5
   0.51035965742231805E-004       1       2       5       2       2       5
  -0.57657583815822028E-004       1       2       5       3       3       5
  -0.57657583815821994E-004       1       2       5       4       4       5
  -0.83024759573535115E-004       1       2       5       5       5       5
  -0.77307365363627335E-003       1       3       3       1       3       3
   0.10253009162722226E-003       1       3       3       1       4       4
   0.10253009162722220E-003       1       3       3       1       5       5
   0.42447914283073521E-004       1       3       3       2       3       3
  -0.11819070105379907E-004       1       3       3       2       4       4
  -0.11819070105379899E-004       1       3       3       2       5       5
  -0.97819746502997816E-003       1       3       4       1       3       4
   0.66093562130789513E-004       1       3       4       2       3       4
  -0.97819746502997773E-003       1       3       5       1       3       5
   0.66093562130789581E-004       1       3       5       2       3       5
  -0.77307365363627292E-003       1       4       4       1       4       4
   0.10253009162722226E-003       1       4       4       1       5       5
   0.42447914283073555E-004       1       4       4       2       4       4
  -0.11819070105379899E-004       1       4       4       2       5       5
  -0.97819746502997816E-003       1       4       5       1       4       5
   0.66093562130789581E-004       1       4       5       2       4       5
  -0.77307365363627324E-003       1       5       5       1       5       5
   0.42447914283073602E-004       1       5       5       2       5       5
  -0.76406197328051794E-003       2       2       2       2       2       2
  -0.43879607340848760E-003       2       2       2       2       3       3
  -0.43879607340848760E-003       2       2       2       2       4       4
  -0.43879607340848749E-003       2       2       2       2       5       5
  -0.74544822023807356E-003       2       2       3       2       2       3
  -0.61292415261005745E-003       2       2       3       3       3       3
  -0.13062086243997560E-003       2       2       3       3       4       4
  -0.13062086243997571E-003       2       2       3       3       5       5
  -0.35160801126506559E-003       2       2       3       4       4       3
  -0.35160801126506592E-003       2       2       3       5       5       3
  -0.74544822023807312E-003       2       2       4       2       2       4
  -0.35160801126506559E-003       2       2       4       3       3       4
  -0.61292415261005723E-003       2       2       4       4       4       4
  -0.13062086243997571E-003       2       2       4       4       5       5
  -0.35160801126506554E-003       2       2       4       5       5       4
  -0.74544822023807280E-003       2       2       5       2       2       5
  -0.35160801126506570E-003       2       2       5       3       3       5
  -0.35160801126506559E-003       2       2       5       4       4       5
  -0.61292415261005734E-003       2       2       5       5       5       5
  -0.84506843343957127E-003       2       3       3       2       3       3
  -0.87670773027018651E-004       2       3       3       2       4       4
  -0.87670773027018596E-004       2       3       3       2       5       5
  -0.66964912288531371E-003       2       3       4       2       3       4
  -0.66964912288531350E-003       2       3       5       2       3       5
  -0.84506843343957084E-003       2       4       4       2       4       4
  -0.87670773027018529E-004       2       4       4       2       5       5
  -0.66964912288531328E-003       2       4       5       2       4       5
  -0.84506843343956954E-003       2       5       5       2       5       5
  -0.11056514250056986E-002       3       3       3       3       3       3
  -0.10665245248264876E-003       3       3       3       3       4       4
  -0.10665245248264876E-003       3       3       3       3       5       5
  -0.67886129312685981E-003       3       3       4       3       3       4
  -0.10665245248264870E-003       3       3       4       4       4       4
  -0.36774720042491028E-004       3       3       4       4       5       5
  -0.33079208731748533E-004       3       3       4       5       5       4
  -0.67886129312685949E-003       3       3       5       3       3       5
  -0.33079208731748560E-004       3       3       5       4       4       5
  -0.10665245248264870E-003       3       3       5       5       5       5
  -0.67886129312685960E-003       3       4       4       3       4       4
  -0.33079208731748519E-004       3       4       4       3       5       5
  -0.61266407568206854E-003       3       4       5       3       4       5
  -0.67886129312685829E-003       3       5       5       3       5       5
  -0.11056514250056991E-002       4       4       4       4       4       4
  -0.10665245248264870E-003       4       4       4       4       5       5
  -0.67886129312685905E-003       4       4       5       4       4       5
  -0.10665245248264870E-003       4       4       5       5       5       5
  -0.67886129312685786E-003       4       5       5       4       5       5
  -0.11056514250056982E-002       5       5       5       5       5       5
