           5
  -0.11772516371142881E-001       1       1       1       1       1       1
   0.19481577694727790E-002       1       1       1       1       1       2
  -0.36080415168427999E-003       1       1       1       1       2       2
  -0.42680068493266808E-004       1       1       1       1       3       3
  -0.42680068493266937E-004       1       1       1       1       4       4
  -0.42680068493266971E-004       1       1       1       1       5       5
   0.69942962221113919E-004       1       1       1       2       2       2
  -0.15165161403925145E-005       1       1       1       2       3       3
  -0.15165161403925145E-005       1       1       1       2       4       4
  -0.15165161403924942E-005       1       1       1       2       5       5
  -0.67628052182897979E-003       1       1       2       1       1       2
  -0.12072727348946318E-003       1       1       2       1       2       2
  -0.37817938299748616E-004       1       1       2       1       3       3
  -0.37817938299748602E-004       1       1       2       1       4       4
  -0.37817938299748473E-004       1       1       2       1       5       5
   0.33793005022921715E-004       1       1       2       2       2       2
  -0.13622765220687401E-004       1       1       2       2       3       3
  -0.13622765220687355E-004       1       1       2       2       4       4
  -0.13622765220687347E-004       1       1       2       2       5       5
  -0.19650213220386707E-004       1       1       2       3       3       2
  -0.19650213220386723E-004       1       1       2       4       4       2
  -0.19650213220386723E-004       1       1       2       5       5       2
  -0.40876130754793525E-003       1       1       3       1       1       3
  -0.16929694452282032E-003       1       1       3       1       2       3
   0.43566693936493279E-004       1       1       3       2       2       3
  -0.30658505653051023E-004       1       1       3       3       3       3
  -0.67188737913059945E-005       1       1       3       3       4       4
  -0.67188737913059810E-005       1       1       3       3       5       5
  -0.17218735134234486E-004       1       1       3       4       4       3
  -0.17218735134234489E-004       1       1       3       5       5       3
  -0.40876130754793525E-003       1       1       4       1       1       4
  -0.16929694452282035E-003       1       1       4       1       2       4
   0.43566693936493333E-004       1       1       4       2       2       4
  -0.17218735134234482E-004       1       1       4       3       3       4
  -0.30658505653051016E-004       1       1       4       4       4       4
  -0.67188737913059810E-005       1       1       4       4       5       5
  -0.17218735134234475E-004       1       1       4       5       5       4
  -0.40876130754793558E-003       1       1       5       1       1       5
  -0.16929694452282035E-003       1       1       5       1       2       5
   0.43566693936493320E-004       1       1       5       2       2       5
  -0.17218735134234475E-004       1       1       5       3       3       5
  -0.17218735134234489E-004       1       1       5       4       4       5
  -0.30658505653051023E-004       1       1       5       5       5       5
  -0.69522537201793940E-003       1       2       2       1       2       2
  -0.14489327737436788E-003       1       2       2       1       3       3
  -0.14489327737436788E-003       1       2       2       1       4       4
  -0.14489327737436842E-003       1       2       2       1       5       5
   0.46701557552591517E-004       1       2       2       2       2       2
  -0.36253046412240540E-004       1       2       2       2       3       3
  -0.36253046412240547E-004       1       2       2       2       4       4
  -0.36253046412240519E-004       1       2       2       2       5       5
  -0.61150599669245313E-004       1       2       2       3       2       3
  -0.61150599669245313E-004       1       2       2       4       2       4
  -0.61150599669245246E-004       1       2       2       5       2       5
  -0.75078864058622605E-003       1       2       3       1       2       3
   0.52783879450876123E-004       1       2       3       2       2       3
  -0.84790384982698450E-004       1       2       3       3       3       3
  -0.13964558304154200E-004       1       2       3       3       4       4
  -0.13964558304154217E-004       1       2       3       3       5       5
  -0.13964558304154217E-004       1       2       3       4       3       4
  -0.56857501966693134E-004       1       2       3       4       4       3
  -0.13964558304154268E-004       1       2       3       5       3       5
  -0.56857501966693053E-004       1       2       3       5       5       3
  -0.75078864058622605E-003       1       2       4       1       2       4
   0.52783879450876075E-004       1       2       4       2       2       4
  -0.56857501966693100E-004       1       2       4       3       3       4
  -0.84790384982698410E-004       1       2       4       4       4       4
  -0.13964558304154227E-004       1       2       4       4       5       5
  -0.13964558304154258E-004       1       2       4       5       4       5
  -0.56857501966693053E-004       1       2       4       5       5       4
  -0.75078864058622573E-003       1       2       5       1       2       5
   0.52783879450876123E-004       1       2       5       2       2       5
  -0.56857501966693155E-004       1       2       5       3       3       5
  -0.56857501966693107E-004       1       2       5       4       4       5
  -0.84790384982698410E-004       1       2       5       5       5       5
  -0.68906039304413383E-003       1       3       3       1       3       3
   0.90849014465026396E-004       1       3       3       1       4       4
   0.90849014465026369E-004       1       3       3       1       5       5
   0.45131309406376434E-004       1       3       3       2       3       3
  -0.11338658502779784E-004       1       3       3       2       4       4
  -0.11338658502779778E-004       1       3       3       2       5       5
  -0.87082197507166851E-003       1       3       4       1       3       4
   0.67816127103637473E-004       1       3       4       2       3       4
  -0.87082197507166808E-003       1       3       5       1       3       5
   0.67816127103637486E-004       1       3       5       2       3       5
  -0.68906039304413307E-003       1       4       4       1       4       4
   0.90849014465026355E-004       1       4       4       1       5       5
   0.45131309406376441E-004       1       4       4       2       4       4
  -0.11338658502779776E-004       1       4       4       2       5       5
  -0.87082197507166851E-003       1       4       5       1       4       5
   0.67816127103637473E-004       1       4       5       2       4       5
  -0.68906039304413296E-003       1       5       5       1       5       5
   0.45131309406376400E-004       1       5       5       2       5       5
  -0.69311952681143949E-003       2       2       2       2       2       2
  -0.44518577048912494E-003       2       2       2       2       3       3
  -0.44518577048912510E-003       2       2       2       2       4       4
  -0.44518577048912494E-003       2       2       2       2       5       5
  -0.67144824867708809E-003       2       2       3       2       2       3
  -0.63218362598421252E-003       2       2       3       3       3       3
  -0.14058003425401782E-003       2       2       3       3       4       4
  -0.14058003425401771E-003       2       2       3       3       5       5
  -0.35094664844063960E-003       2       2       3       4       4       3
  -0.35094664844063971E-003       2       2       3       5       5       3
  -0.67144824867708798E-003       2       2       4       2       2       4
  -0.35094664844063938E-003       2       2       4       3       3       4
  -0.63218362598421252E-003       2       2       4       4       4       4
  -0.14058003425401769E-003       2       2       4       4       5       5
  -0.35094664844063938E-003       2       2       4       5       5       4
  -0.67144824867708798E-003       2       2       5       2       2       5
  -0.35094664844063955E-003       2       2       5       3       3       5
  -0.35094664844063949E-003       2       2       5       4       4       5
  -0.63218362598421209E-003       2       2       5       5       5       5
  -0.78305501289179218E-003       2       3       3       2       3       3
  -0.98680948175538936E-004       2       3       3       2       4       4
  -0.98680948175538936E-004       2       3       3       2       5       5
  -0.58561143494523726E-003       2       3       4       2       3       4
  -0.58561143494523715E-003       2       3       5       2       3       5
  -0.78305501289179218E-003       2       4       4       2       4       4
  -0.98680948175538936E-004       2       4       4       2       5       5
  -0.58561143494523737E-003       2       4       5       2       4       5
  -0.78305501289179175E-003       2       5       5       2       5       5
  -0.10756933221426547E-002       3       3       3       3       3       3
  -0.11964288502350365E-003       3       3       3       3       4       4
  -0.11964288502350361E-003       3       3       3       3       5       5
  -0.59693329924239195E-003       3       3       4       3       3       4
  -0.11964288502350366E-003       3       3       4       4       4       4
  -0.40024044236774327E-004       3       3       4       4       5       5
  -0.39570508414572279E-004       3       3       4       5       5       4
  -0.59693329924239173E-003       3       3       5       3       3       5
  -0.39570508414572306E-004       3       3       5       4       4       5
  -0.11964288502350348E-003       3       3       5       5       5       5
  -0.59693329924239184E-003       3       4       4       3       4       4
  -0.39570508414572279E-004       3       4       4       3       5       5
  -0.51775057599180610E-003       3       4       5       3       4       5
  -0.59693329924239184E-003       3       5       5       3       5       5
  -0.10756933221426545E-002       4       4       4       4       4       4
  -0.11964288502350361E-003       4       4       4       4       5       5
  -0.59693329924239173E-003       4       4       5       4       4       5
  -0.11964288502350353E-003       4       4       5       5       5       5
  -0.59693329924239173E-003       4       5       5       4       5       5
  -0.10756933221426541E-002       5       5       5       5       5       5
