           5
  -0.13344542549206898E-001       1       1       1       1       1       1
   0.21549026560989319E-002       1       1       1       1       1       2
  -0.38894521233263446E-003       1       1       1       1       2       2
  -0.38971953277990051E-004       1       1       1       1       3       3
  -0.38971953277990274E-004       1       1       1       1       4       4
  -0.38971953277990159E-004       1       1       1       1       5       5
   0.73846682862500700E-004       1       1       1       2       2       2
  -0.20505429353495922E-005       1       1       1       2       3       3
  -0.20505429353495880E-005       1       1       1       2       4       4
  -0.20505429353495947E-005       1       1       1       2       5       5
  -0.62091071016479504E-003       1       1       2       1       1       2
  -0.13351921231027751E-003       1       1       2       1       2       2
  -0.27919115891175039E-004       1       1       2       1       3       3
  -0.27919115891175110E-004       1       1       2       1       4       4
  -0.27919115891175401E-004       1       1       2       1       5       5
   0.35614912215290889E-004       1       1       2       2       2       2
  -0.14944333460983962E-004       1       1       2       2       3       3
  -0.14944333460983958E-004       1       1       2       2       4       4
  -0.14944333460983894E-004       1       1       2       2       5       5
  -0.20048108193859496E-004       1       1       2       3       3       2
  -0.20048108193859500E-004       1       1       2       4       4       2
  -0.20048108193859510E-004       1       1       2       5       5       2
  -0.35128868780851029E-003       1       1       3       1       1       3
  -0.18249367818178015E-003       1       1       3       1       2       3
   0.45473628293601665E-004       1       1       3       2       2       3
  -0.31115232430619940E-004       1       1       3       3       3       3
  -0.67543808516769845E-005       1       1       3       3       4       4
  -0.67543808516769930E-005       1       1       3       3       5       5
  -0.17604466283870005E-004       1       1       3       4       4       3
  -0.17604466283870005E-004       1       1       3       5       5       3
  -0.35128868780850888E-003       1       1       4       1       1       4
  -0.18249367818178020E-003       1       1       4       1       2       4
   0.45473628293601672E-004       1       1       4       2       2       4
  -0.17604466283869998E-004       1       1       4       3       3       4
  -0.31115232430619893E-004       1       1       4       4       4       4
  -0.67543808516770014E-005       1       1       4       4       5       5
  -0.17604466283870015E-004       1       1       4       5       5       4
  -0.35128868780850888E-003       1       1       5       1       1       5
  -0.18249367818178023E-003       1       1       5       1       2       5
   0.45473628293601678E-004       1       1       5       2       2       5
  -0.17604466283869998E-004       1       1       5       3       3       5
  -0.17604466283870005E-004       1       1       5       4       4       5
  -0.31115232430619893E-004       1       1       5       5       5       5
  -0.71246027057221550E-003       1       2       2       1       2       2
  -0.14524123298275435E-003       1       2       2       1       3       3
  -0.14524123298275429E-003       1       2       2       1       4       4
  -0.14524123298275437E-003       1       2       2       1       5       5
   0.47986014359988544E-004       1       2       2       2       2       2
  -0.36134567043558474E-004       1       2       2       2       3       3
  -0.36134567043558433E-004       1       2       2       2       4       4
  -0.36134567043558440E-004       1       2       2       2       5       5
  -0.61202067314940732E-004       1       2       2       3       2       3
  -0.61202067314940678E-004       1       2       2       4       2       4
  -0.61202067314940678E-004       1       2       2       5       2       5
  -0.76984065930919441E-003       1       2       3       1       2       3
   0.54103719415308054E-004       1       2       3       2       2       3
  -0.84512907620864784E-004       1       2       3       3       3       3
  -0.13687585266259218E-004       1       2       3       3       4       4
  -0.13687585266259237E-004       1       2       3       3       5       5
  -0.13687585266259196E-004       1       2       3       4       3       4
  -0.57134067418373780E-004       1       2       3       4       4       3
  -0.13687585266259213E-004       1       2       3       5       3       5
  -0.57134067418373739E-004       1       2       3       5       5       3
  -0.76984065930919463E-003       1       2       4       1       2       4
   0.54103719415308047E-004       1       2       4       2       2       4
  -0.57134067418373752E-004       1       2       4       3       3       4
  -0.84512907620864716E-004       1       2       4       4       4       4
  -0.13687585266259230E-004       1       2       4       4       5       5
  -0.13687585266259227E-004       1       2       4       5       4       5
  -0.57134067418373712E-004       1       2       4       5       5       4
  -0.76984065930919463E-003       1       2       5       1       2       5
   0.54103719415308067E-004       1       2       5       2       2       5
  -0.57134067418373705E-004       1       2       5       3       3       5
  -0.57134067418373712E-004       1       2       5       4       4       5
  -0.84512907620864743E-004       1       2       5       5       5       5
  -0.69245460433931504E-003       1       3       3       1       3       3
   0.10392362715868364E-003       1       3       3       1       4       4
   0.10392362715868336E-003       1       3       3       1       5       5
   0.45704857546514439E-004       1       3       3       2       3       3
  -0.11935549084081468E-004       1       3       3       2       4       4
  -0.11935549084081466E-004       1       3       3       2       5       5
  -0.90036862826935540E-003       1       3       4       1       3       4
   0.69583601489600397E-004       1       3       4       2       3       4
  -0.90036862826935497E-003       1       3       5       1       3       5
   0.69583601489600478E-004       1       3       5       2       3       5
  -0.69245460433931471E-003       1       4       4       1       4       4
   0.10392362715868336E-003       1       4       4       1       5       5
   0.45704857546514364E-004       1       4       4       2       4       4
  -0.11935549084081468E-004       1       4       4       2       5       5
  -0.90036862826935453E-003       1       4       5       1       4       5
   0.69583601489600532E-004       1       4       5       2       4       5
  -0.69245460433931514E-003       1       5       5       1       5       5
   0.45704857546514357E-004       1       5       5       2       5       5
  -0.69230527963309082E-003       2       2       2       2       2       2
  -0.44027614053690316E-003       2       2       2       2       3       3
  -0.44027614053690294E-003       2       2       2       2       4       4
  -0.44027614053690299E-003       2       2       2       2       5       5
  -0.67109957968045108E-003       2       2       3       2       2       3
  -0.62333518697787126E-003       2       2       3       3       3       3
  -0.13744142866249312E-003       2       2       3       3       4       4
  -0.13744142866249317E-003       2       2       3       3       5       5
  -0.34837621869694457E-003       2       2       3       4       4       3
  -0.34837621869694457E-003       2       2       3       5       5       3
  -0.67109957968045108E-003       2       2       4       2       2       4
  -0.34837621869694474E-003       2       2       4       3       3       4
  -0.62333518697787137E-003       2       2       4       4       4       4
  -0.13744142866249317E-003       2       2       4       4       5       5
  -0.34837621869694474E-003       2       2       4       5       5       4
  -0.67109957968045097E-003       2       2       5       2       2       5
  -0.34837621869694474E-003       2       2       5       3       3       5
  -0.34837621869694479E-003       2       2       5       4       4       5
  -0.62333518697787148E-003       2       2       5       5       5       5
  -0.77980416261950981E-003       2       3       3       2       3       3
  -0.96107827853333553E-004       2       3       3       2       4       4
  -0.96107827853333540E-004       2       3       3       2       5       5
  -0.58750745848360159E-003       2       3       4       2       3       4
  -0.58750745848360104E-003       2       3       5       2       3       5
  -0.77980416261951013E-003       2       4       4       2       4       4
  -0.96107827853333540E-004       2       4       4       2       5       5
  -0.58750745848360126E-003       2       4       5       2       4       5
  -0.77980416261950927E-003       2       5       5       2       5       5
  -0.10645686226997703E-002       3       3       3       3       3       3
  -0.11663976068670973E-003       3       3       3       3       4       4
  -0.11663976068670967E-003       3       3       3       3       5       5
  -0.59782188620212656E-003       3       3       4       3       3       4
  -0.11663976068670975E-003       3       3       4       4       4       4
  -0.39879159885390465E-004       3       3       4       4       5       5
  -0.36857072234219355E-004       3       3       4       5       5       4
  -0.59782188620212601E-003       3       3       5       3       3       5
  -0.36857072234219321E-004       3       3       5       4       4       5
  -0.11663976068670963E-003       3       3       5       5       5       5
  -0.59782188620212699E-003       3       4       4       3       4       4
  -0.36857072234219369E-004       3       4       4       3       5       5
  -0.52406739576498960E-003       3       4       5       3       4       5
  -0.59782188620212656E-003       3       5       5       3       5       5
  -0.10645686226997703E-002       4       4       4       4       4       4
  -0.11663976068670970E-003       4       4       4       4       5       5
  -0.59782188620212677E-003       4       4       5       4       4       5
  -0.11663976068670965E-003       4       4       5       5       5       5
  -0.59782188620212677E-003       4       5       5       4       5       5
  -0.10645686226997699E-002       5       5       5       5       5       5
