           5
  -0.13589699742501508E-001       1       1       1       1       1       1
   0.21563553008043150E-002       1       1       1       1       1       2
  -0.38522586017508947E-003       1       1       1       1       2       2
  -0.38054744693757084E-004       1       1       1       1       3       3
  -0.38054744693757111E-004       1       1       1       1       4       4
  -0.38054744693757125E-004       1       1       1       1       5       5
   0.72658984544457498E-004       1       1       1       2       2       2
  -0.19726130606928466E-005       1       1       1       2       3       3
  -0.19726130606928288E-005       1       1       1       2       4       4
  -0.19726130606928220E-005       1       1       1       2       5       5
  -0.74096527672018030E-003       1       1       2       1       1       2
  -0.13744416265913119E-003       1       1       2       1       2       2
  -0.31226397808308622E-004       1       1       2       1       3       3
  -0.31226397808308473E-004       1       1       2       1       4       4
  -0.31226397808308405E-004       1       1       2       1       5       5
   0.35822133144358396E-004       1       1       2       2       2       2
  -0.14724974924400958E-004       1       1       2       2       3       3
  -0.14724974924400965E-004       1       1       2       2       4       4
  -0.14724974924400907E-004       1       1       2       2       5       5
  -0.20367711275636083E-004       1       1       2       3       3       2
  -0.20367711275636080E-004       1       1       2       4       4       2
  -0.20367711275636076E-004       1       1       2       5       5       2
  -0.47788340749599855E-003       1       1       3       1       1       3
  -0.18436609469504311E-003       1       1       3       1       2       3
   0.45329326271352139E-004       1       1       3       2       2       3
  -0.30553933718622071E-004       1       1       3       3       3       3
  -0.61753339730531203E-005       1       1       3       3       4       4
  -0.61753339730531220E-005       1       1       3       3       5       5
  -0.18201413733569466E-004       1       1       3       4       4       3
  -0.18201413733569469E-004       1       1       3       5       5       3
  -0.47788340749600061E-003       1       1       4       1       1       4
  -0.18436609469504330E-003       1       1       4       1       2       4
   0.45329326271352152E-004       1       1       4       2       2       4
  -0.18201413733569462E-004       1       1       4       3       3       4
  -0.30553933718622037E-004       1       1       4       4       4       4
  -0.61753339730531186E-005       1       1       4       4       5       5
  -0.18201413733569449E-004       1       1       4       5       5       4
  -0.47788340749600115E-003       1       1       5       1       1       5
  -0.18436609469504341E-003       1       1       5       1       2       5
   0.45329326271352132E-004       1       1       5       2       2       5
  -0.18201413733569462E-004       1       1       5       3       3       5
  -0.18201413733569459E-004       1       1       5       4       4       5
  -0.30553933718622037E-004       1       1       5       5       5       5
  -0.10022072880559770E-002       1       2       2       1       2       2
  -0.18053814292179102E-003       1       2       2       1       3       3
  -0.18053814292179039E-003       1       2       2       1       4       4
  -0.18053814292179113E-003       1       2       2       1       5       5
   0.47534381296616794E-004       1       2       2       2       2       2
  -0.35994583578917335E-004       1       2       2       2       3       3
  -0.35994583578917335E-004       1       2       2       2       4       4
  -0.35994583578917349E-004       1       2       2       2       5       5
  -0.64769436132993275E-004       1       2       2       3       2       3
  -0.64769436132993248E-004       1       2       2       4       2       4
  -0.64769436132993194E-004       1       2       2       5       2       5
  -0.10514451032671750E-002       1       2       3       1       2       3
   0.53538985424328516E-004       1       2       3       2       2       3
  -0.86662738073710661E-004       1       2       3       3       3       3
  -0.12713468823213317E-004       1       2       3       3       4       4
  -0.12713468823213344E-004       1       2       3       3       5       5
  -0.12713468823213310E-004       1       2       3       4       3       4
  -0.61232388735795967E-004       1       2       3       4       4       3
  -0.12713468823213338E-004       1       2       3       5       3       5
  -0.61232388735795926E-004       1       2       3       5       5       3
  -0.10514451032671746E-002       1       2       4       1       2       4
   0.53538985424328537E-004       1       2       4       2       2       4
  -0.61232388735795980E-004       1       2       4       3       3       4
  -0.86662738073710728E-004       1       2       4       4       4       4
  -0.12713468823213346E-004       1       2       4       4       5       5
  -0.12713468823213336E-004       1       2       4       5       4       5
  -0.61232388735795953E-004       1       2       4       5       5       4
  -0.10514451032671746E-002       1       2       5       1       2       5
   0.53538985424328496E-004       1       2       5       2       2       5
  -0.61232388735795980E-004       1       2       5       3       3       5
  -0.61232388735795994E-004       1       2       5       4       4       5
  -0.86662738073710715E-004       1       2       5       5       5       5
  -0.99825534193907989E-003       1       3       3       1       3       3
   0.79592291658290502E-004       1       3       3       1       4       4
   0.79592291658290611E-004       1       3       3       1       5       5
   0.45783771004516028E-004       1       3       3       2       3       3
  -0.11339448034794421E-004       1       3       3       2       4       4
  -0.11339448034794423E-004       1       3       3       2       5       5
  -0.11575064664191223E-002       1       3       4       1       3       4
   0.68470224828833095E-004       1       3       4       2       3       4
  -0.11575064664191223E-002       1       3       5       1       3       5
   0.68470224828833041E-004       1       3       5       2       3       5
  -0.99825534193907881E-003       1       4       4       1       4       4
   0.79592291658290638E-004       1       4       4       1       5       5
   0.45783771004516015E-004       1       4       4       2       4       4
  -0.11339448034794421E-004       1       4       4       2       5       5
  -0.11575064664191231E-002       1       4       5       1       4       5
   0.68470224828833028E-004       1       4       5       2       4       5
  -0.99825534193907816E-003       1       5       5       1       5       5
   0.45783771004516049E-004       1       5       5       2       5       5
  -0.97419451274165019E-003       2       2       2       2       2       2
  -0.45925204784897375E-003       2       2       2       2       3       3
  -0.45925204784897397E-003       2       2       2       2       4       4
  -0.45925204784897386E-003       2       2       2       2       5       5
  -0.95365854121779033E-003       2       2       3       2       2       3
  -0.63262718449779809E-003       2       2       3       3       3       3
  -0.12951947082809228E-003       2       2       3       3       4       4
  -0.12951947082809234E-003       2       2       3       3       5       5
  -0.37351494155521197E-003       2       2       3       4       4       3
  -0.37351494155521219E-003       2       2       3       5       5       3
  -0.95365854121779023E-003       2       2       4       2       2       4
  -0.37351494155521165E-003       2       2       4       3       3       4
  -0.63262718449779830E-003       2       2       4       4       4       4
  -0.12951947082809226E-003       2       2       4       4       5       5
  -0.37351494155521203E-003       2       2       4       5       5       4
  -0.95365854121779033E-003       2       2       5       2       2       5
  -0.37351494155521208E-003       2       2       5       3       3       5
  -0.37351494155521219E-003       2       2       5       4       4       5
  -0.63262718449779841E-003       2       2       5       5       5       5
  -0.10710704524098027E-002       2       3       3       2       3       3
  -0.10248423461599952E-003       2       3       3       2       4       4
  -0.10248423461599952E-003       2       3       3       2       5       5
  -0.86602384319631751E-003       2       3       4       2       3       4
  -0.86602384319631708E-003       2       3       5       2       3       5
  -0.10710704524098027E-002       2       4       4       2       4       4
  -0.10248423461599956E-003       2       4       4       2       5       5
  -0.86602384319631675E-003       2       4       5       2       4       5
  -0.10710704524098025E-002       2       5       5       2       5       5
  -0.13697256724080589E-002       3       3       3       3       3       3
  -0.12154948146989792E-003       3       3       3       3       4       4
  -0.12154948146989792E-003       3       3       3       3       5       5
  -0.88334839760381234E-003       3       3       4       3       3       4
  -0.12154948146989797E-003       3       3       4       4       4       4
  -0.36532525177839593E-004       3       3       4       4       5       5
  -0.48461164847114700E-004       3       3       4       5       5       4
  -0.88334839760381202E-003       3       3       5       3       3       5
  -0.48461164847114694E-004       3       3       5       4       4       5
  -0.12154948146989791E-003       3       3       5       5       5       5
  -0.88334839760381267E-003       3       4       4       3       4       4
  -0.48461164847114714E-004       3       4       4       3       5       5
  -0.78638567703644710E-003       3       4       5       3       4       5
  -0.88334839760381234E-003       3       5       5       3       5       5
  -0.13697256724080576E-002       4       4       4       4       4       4
  -0.12154948146989797E-003       4       4       4       4       5       5
  -0.88334839760381191E-003       4       4       5       4       4       5
  -0.12154948146989791E-003       4       4       5       5       5       5
  -0.88334839760381223E-003       4       5       5       4       5       5
  -0.13697256724080572E-002       5       5       5       5       5       5
