           5
  -0.12300049578970513E-001       1       1       1       1       1       1
   0.20600634144522668E-002       1       1       1       1       1       2
  -0.38073257119579921E-003       1       1       1       1       2       2
  -0.42077860227069960E-004       1       1       1       1       3       3
  -0.42077860227069885E-004       1       1       1       1       4       4
  -0.42077860227069960E-004       1       1       1       1       5       5
   0.73339245635099646E-004       1       1       1       2       2       2
  -0.14440530431564778E-005       1       1       1       2       3       3
  -0.14440530431564778E-005       1       1       1       2       4       4
  -0.14440530431564619E-005       1       1       1       2       5       5
  -0.63985243921419886E-003       1       1       2       1       1       2
  -0.13500073431869963E-003       1       1       2       1       2       2
  -0.33957921407004339E-004       1       1       2       1       3       3
  -0.33957921407004372E-004       1       1       2       1       4       4
  -0.33957921407004447E-004       1       1       2       1       5       5
   0.36205702196267939E-004       1       1       2       2       2       2
  -0.13508138956286873E-004       1       1       2       2       3       3
  -0.13508138956286846E-004       1       1       2       2       4       4
  -0.13508138956286854E-004       1       1       2       2       5       5
  -0.19063465285743142E-004       1       1       2       3       3       2
  -0.19063465285743152E-004       1       1       2       4       4       2
  -0.19063465285743159E-004       1       1       2       5       5       2
  -0.35272948925155895E-003       1       1       3       1       1       3
  -0.18556021972791813E-003       1       1       3       1       2       3
   0.46270308276062754E-004       1       1       3       2       2       3
  -0.29171628670371091E-004       1       1       3       3       3       3
  -0.60697185506069891E-005       1       1       3       3       4       4
  -0.60697185506069959E-005       1       1       3       3       5       5
  -0.17030338997236892E-004       1       1       3       4       4       3
  -0.17030338997236896E-004       1       1       3       5       5       3
  -0.35272948925155895E-003       1       1       4       1       1       4
  -0.18556021972791775E-003       1       1       4       1       2       4
   0.46270308276062801E-004       1       1       4       2       2       4
  -0.17030338997236882E-004       1       1       4       3       3       4
  -0.29171628670371087E-004       1       1       4       4       4       4
  -0.60697185506069985E-005       1       1       4       4       5       5
  -0.17030338997236896E-004       1       1       4       5       5       4
  -0.35272948925155602E-003       1       1       5       1       1       5
  -0.18556021972791775E-003       1       1       5       1       2       5
   0.46270308276062788E-004       1       1       5       2       2       5
  -0.17030338997236903E-004       1       1       5       3       3       5
  -0.17030338997236889E-004       1       1       5       4       4       5
  -0.29171628670371094E-004       1       1       5       5       5       5
  -0.79549254409194627E-003       1       2       2       1       2       2
  -0.95710122847950904E-004       1       2       2       1       3       3
  -0.95710122847950661E-004       1       2       2       1       4       4
  -0.95710122847950823E-004       1       2       2       1       5       5
   0.52980529232941872E-004       1       2       2       2       2       2
  -0.35544047496342427E-004       1       2       2       2       3       3
  -0.35544047496342407E-004       1       2       2       2       4       4
  -0.35544047496342407E-004       1       2       2       2       5       5
  -0.56933637753183907E-004       1       2       2       3       2       3
  -0.56933637753183907E-004       1       2       2       4       2       4
  -0.56933637753183941E-004       1       2       2       5       2       5
  -0.84983857609475383E-003       1       2       3       1       2       3
   0.58996102406364390E-004       1       2       3       2       2       3
  -0.77146020198979380E-004       1       2       3       3       3       3
  -0.11418977045023234E-004       1       2       3       3       4       4
  -0.11418977045023237E-004       1       2       3       3       5       5
  -0.11418977045023237E-004       1       2       3       4       3       4
  -0.54304552505519187E-004       1       2       3       4       4       3
  -0.11418977045023242E-004       1       2       3       5       3       5
  -0.54304552505519241E-004       1       2       3       5       5       3
  -0.84983857609475350E-003       1       2       4       1       2       4
   0.58996102406364383E-004       1       2       4       2       2       4
  -0.54304552505519235E-004       1       2       4       3       3       4
  -0.77146020198979272E-004       1       2       4       4       4       4
  -0.11418977045023231E-004       1       2       4       4       5       5
  -0.11418977045023241E-004       1       2       4       5       4       5
  -0.54304552505519282E-004       1       2       4       5       5       4
  -0.84983857609475404E-003       1       2       5       1       2       5
   0.58996102406364491E-004       1       2       5       2       2       5
  -0.54304552505519262E-004       1       2       5       3       3       5
  -0.54304552505519309E-004       1       2       5       4       4       5
  -0.77146020198979313E-004       1       2       5       5       5       5
  -0.78481094039021529E-003       1       3       3       1       3       3
   0.92305491678123622E-004       1       3       3       1       4       4
   0.92305491678123445E-004       1       3       3       1       5       5
   0.53012781438167714E-004       1       3       3       2       3       3
  -0.10055456847171661E-004       1       3       3       2       4       4
  -0.10055456847171656E-004       1       3       3       2       5       5
  -0.96948237287045611E-003       1       3       4       1       3       4
   0.73130508180744555E-004       1       3       4       2       3       4
  -0.96948237287045633E-003       1       3       5       1       3       5
   0.73130508180744528E-004       1       3       5       2       3       5
  -0.78481094039021583E-003       1       4       4       1       4       4
   0.92305491678123472E-004       1       4       4       1       5       5
   0.53012781438167809E-004       1       4       4       2       4       4
  -0.10055456847171658E-004       1       4       4       2       5       5
  -0.96948237287045622E-003       1       4       5       1       4       5
   0.73130508180744501E-004       1       4       5       2       4       5
  -0.78481094039021594E-003       1       5       5       1       5       5
   0.53012781438167856E-004       1       5       5       2       5       5
  -0.70728086083414162E-003       2       2       2       2       2       2
  -0.43722288480135102E-003       2       2       2       2       3       3
  -0.43722288480135113E-003       2       2       2       2       4       4
  -0.43722288480135124E-003       2       2       2       2       5       5
  -0.68770627711003712E-003       2       2       3       2       2       3
  -0.61226822572735869E-003       2       2       3       3       3       3
  -0.13367144828455734E-003       2       2       3       3       4       4
  -0.13367144828455734E-003       2       2       3       3       5       5
  -0.34485033390068342E-003       2       2       3       4       4       3
  -0.34485033390068353E-003       2       2       3       5       5       3
  -0.68770627711003712E-003       2       2       4       2       2       4
  -0.34485033390068326E-003       2       2       4       3       3       4
  -0.61226822572735869E-003       2       2       4       4       4       4
  -0.13367144828455734E-003       2       2       4       4       5       5
  -0.34485033390068331E-003       2       2       4       5       5       4
  -0.68770627711003604E-003       2       2       5       2       2       5
  -0.34485033390068342E-003       2       2       5       3       3       5
  -0.34485033390068348E-003       2       2       5       4       4       5
  -0.61226822572735848E-003       2       2       5       5       5       5
  -0.78232001958027900E-003       2       3       3       2       3       3
  -0.84487180976995196E-004       2       3       3       2       4       4
  -0.84487180976995142E-004       2       3       3       2       5       5
  -0.61327142876112803E-003       2       3       4       2       3       4
  -0.61327142876112792E-003       2       3       5       2       3       5
  -0.78232001958027856E-003       2       4       4       2       4       4
  -0.84487180976995183E-004       2       4       4       2       5       5
  -0.61327142876112803E-003       2       4       5       2       4       5
  -0.78232001958027846E-003       2       5       5       2       5       5
  -0.10317099240740274E-002       3       3       3       3       3       3
  -0.10269740710138404E-003       3       3       3       3       4       4
  -0.10269740710138411E-003       3       3       3       3       5       5
  -0.62074733620970488E-003       3       3       4       3       3       4
  -0.10269740710138399E-003       3       3       4       4       4       4
  -0.35691144769340322E-004       3       3       4       4       5       5
  -0.31292885583367629E-004       3       3       4       5       5       4
  -0.62074733620970444E-003       3       3       5       3       3       5
  -0.31292885583367588E-004       3       3       5       4       4       5
  -0.10269740710138404E-003       3       3       5       5       5       5
  -0.62074733620970488E-003       3       4       4       3       4       4
  -0.31292885583367636E-004       3       4       4       3       5       5
  -0.55812582314730696E-003       3       4       5       3       4       5
  -0.62074733620970477E-003       3       5       5       3       5       5
  -0.10317099240740265E-002       4       4       4       4       4       4
  -0.10269740710138408E-003       4       4       4       4       5       5
  -0.62074733620970477E-003       4       4       5       4       4       5
  -0.10269740710138403E-003       4       4       5       5       5       5
  -0.62074733620970466E-003       4       5       5       4       5       5
  -0.10317099240740261E-002       5       5       5       5       5       5
